data,fechamento,abertura,max_$,min_$,var_%
01/03/1995,"0,8500","0,8500","0,8500","0,8450","0,0012"
02/03/1995,"0,8530","0,8500","0,8530","0,8500","0,0035"
03/03/1995,"0,8560","0,8530","0,8580","0,8530","0,0035"
06/03/1995,"0,8790","0,8560","0,8790","0,8560","0,0269"
07/03/1995,"0,8850","0,8790","0,8990","0,8760","0,0068"
08/03/1995,"0,8850","0,8840","0,8910","0,8790","0,0000"
09/03/1995,"0,8870","0,8850","0,8880","0,8840","0,0023"
10/03/1995,"0,8790","0,8860","0,8860","0,8710","-0,0090"
13/03/1995,"0,8790","0,8790","0,8810","0,8780","0,0000"
14/03/1995,"0,8790","0,8790","0,8810","0,8790","0,0000"
15/03/1995,"0,8920","0,8790","0,8920","0,8790","0,0148"
16/03/1995,"0,8910","0,8900","0,9000","0,8880","-0,0011"
17/03/1995,"0,8960","0,8900","0,8960","0,8850","0,0056"
20/03/1995,"0,9090","0,8960","0,9120","0,8910","0,0145"
21/03/1995,"0,9000","0,9090","0,9090","0,8960","-0,0099"
22/03/1995,"0,9060","0,9000","0,9060","0,8970","0,0067"
23/03/1995,"0,9060","0,9020","0,9200","0,9020","0,0000"
24/03/1995,"0,9020","0,9060","0,9090","0,9020","-0,0044"
27/03/1995,"0,9080","0,9060","0,9110","0,9060","0,0067"
28/03/1995,"0,9080","0,9070","0,9110","0,9070","0,0000"
29/03/1995,"0,9070","0,9080","0,9080","0,9030","-0,0011"
30/03/1995,"0,8950","0,9060","0,9060","0,8950","-0,0132"
31/03/1995,"0,8990","0,8950","0,9020","0,8910","0,0045"
03/04/1995,"0,9040","0,8990","0,9060","0,8960","0,0056"
04/04/1995,"0,8950","0,9040","0,9040","0,8950","-0,0100"
05/04/1995,"0,8930","0,8950","0,9020","0,8930","-0,0022"
06/04/1995,"0,8950","0,8920","0,8950","0,8900","0,0022"
07/04/1995,"0,8940","0,8950","0,9010","0,8940","-0,0011"
10/04/1995,"0,8940","0,8940","0,8970","0,8940","0,0000"
11/04/1995,"0,9010","0,8930","0,9020","0,8930","0,0078"
12/04/1995,"0,9080","0,9010","0,9090","0,9010","0,0078"
13/04/1995,"0,9060","0,9060","0,9060","0,9060","-0,0022"
14/04/1995,"0,9060","0,9060","0,9060","0,9060","0,0000"
17/04/1995,"0,9030","0,9030","0,9050","0,9030","-0,0033"
18/04/1995,"0,9070","0,9010","0,9080","0,9000","0,0044"
19/04/1995,"0,9140","0,9070","0,9160","0,9070","0,0077"
20/04/1995,"0,9150","0,9130","0,9200","0,9120","0,0011"
21/04/1995,"0,9050","0,9150","0,9150","0,9050","-0,0109"
24/04/1995,"0,9190","0,9190","0,9190","0,9090","0,0155"
25/04/1995,"0,9150","0,9150","0,9220","0,9150","-0,0044"
26/04/1995,"0,9190","0,9150","0,9190","0,9120","0,0044"
27/04/1995,"0,9140","0,9190","0,9210","0,9140","-0,0054"
28/04/1995,"0,9170","0,9140","0,9170","0,9080","0,0033"
01/05/1995,"0,9150","0,9170","0,9170","0,9150","-0,0022"
02/05/1995,"0,9080","0,9080","0,9130","0,9080","-0,0077"
03/05/1995,"0,9020","0,9060","0,9060","0,9000","-0,0066"
04/05/1995,"0,9000","0,9000","0,9050","0,9000","-0,0022"
05/05/1995,"0,8990","0,9000","0,9020","0,8970","-0,0011"
08/05/1995,"0,9000","0,8990","0,9000","0,8960","0,0011"
09/05/1995,"0,8930","0,8980","0,8980","0,8930","-0,0078"
10/05/1995,"0,8940","0,8930","0,8940","0,8890","0,0011"
11/05/1995,"0,8960","0,8930","0,8980","0,8930","0,0022"
12/05/1995,"0,8930","0,8960","0,8990","0,8930","-0,0033"
15/05/1995,"0,8890","0,8910","0,8910","0,8860","-0,0045"
16/05/1995,"0,8870","0,8870","0,8900","0,8870","-0,0022"
17/05/1995,"0,8890","0,8890","0,8900","0,8860","0,0023"
18/05/1995,"0,8870","0,8870","0,8900","0,8870","-0,0022"
19/05/1995,"0,8880","0,8880","0,8900","0,8860","0,0011"
22/05/1995,"0,8880","0,8880","0,8880","0,8860","0,0000"
23/05/1995,"0,8880","0,8860","0,8880","0,8860","0,0000"
24/05/1995,"0,8860","0,8860","0,8860","0,8860","-0,0023"
25/05/1995,"0,8920","0,8930","0,8930","0,8920","0,0068"
26/05/1995,"0,9020","0,8920","0,9030","0,8920","0,0112"
29/05/1995,"0,9010","0,9020","0,9090","0,9000","-0,0011"
30/05/1995,"0,9070","0,9000","0,9070","0,9000","0,0067"
31/05/1995,"0,9050","0,9070","0,9070","0,9010","-0,0022"
01/06/1995,"0,9060","0,9050","0,9070","0,9010","0,0011"
02/06/1995,"0,9010","0,9060","0,9060","0,9010","-0,0055"
05/06/1995,"0,9030","0,9000","0,9040","0,9000","0,0022"
06/06/1995,"0,9080","0,9010","0,9080","0,9000","0,0055"
07/06/1995,"0,9090","0,9080","0,9110","0,9070","0,0011"
08/06/1995,"0,9090","0,9090","0,9130","0,9090","0,0000"
09/06/1995,"0,9120","0,9090","0,9210","0,9080","0,0033"
12/06/1995,"0,9150","0,9100","0,9190","0,9100","0,0033"
13/06/1995,"0,9070","0,9130","0,9160","0,9070","-0,0087"
14/06/1995,"0,9060","0,9070","0,9070","0,9050","-0,0011"
15/06/1995,"0,9040","0,9040","0,9040","0,9040","-0,0022"
16/06/1995,"0,9060","0,9060","0,9090","0,9060","0,0022"
19/06/1995,"0,9090","0,9090","0,9110","0,9060","0,0033"
20/06/1995,"0,9170","0,9080","0,9170","0,9080","0,0088"
21/06/1995,"0,9180","0,9170","0,9190","0,9170","0,0011"
22/06/1995,"0,9180","0,9160","0,9200","0,9160","0,0000"
23/06/1995,"0,9180","0,9180","0,9260","0,9160","0,0000"
26/06/1995,"0,9170","0,9180","0,9200","0,9150","-0,0011"
27/06/1995,"0,9160","0,9150","0,9180","0,9150","-0,0011"
28/06/1995,"0,9160","0,9160","0,9180","0,9150","0,0000"
29/06/1995,"0,9190","0,9190","0,9190","0,9180","0,0033"
30/06/1995,"0,9190","0,9190","0,9220","0,9190","0,0000"
03/07/1995,"0,9190","0,9190","0,9200","0,9170","0,0000"
04/07/1995,"0,9180","0,9190","0,9190","0,9170","-0,0011"
05/07/1995,"0,9230","0,9180","0,9240","0,9180","0,0054"
06/07/1995,"0,9235","0,9210","0,9260","0,9210","0,0005"
07/07/1995,"0,9235","0,9220","0,9245","0,9220","0,0000"
10/07/1995,"0,9238","0,9210","0,9241","0,9210","0,0003"
11/07/1995,"0,9240","0,9230","0,9245","0,9230","0,0002"
12/07/1995,"0,9239","0,9230","0,9245","0,9220","-0,0001"
13/07/1995,"0,9250","0,9230","0,9265","0,9230","0,0012"
14/07/1995,"0,9245","0,9250","0,9260","0,9240","-0,0005"
17/07/1995,"0,9270","0,9240","0,9280","0,9240","0,0027"
18/07/1995,"0,9280","0,9270","0,9281","0,9270","0,0011"
19/07/1995,"0,9275","0,9280","0,9282","0,9270","-0,0005"
20/07/1995,"0,9280","0,9270","0,9284","0,9270","0,0005"
21/07/1995,"0,9330","0,9280","0,9330","0,9280","0,0054"
24/07/1995,"0,9330","0,9330","0,9333","0,9328","0,0000"
25/07/1995,"0,9350","0,9330","0,9355","0,9330","0,0021"
26/07/1995,"0,9350","0,9349","0,9353","0,9349","0,0000"
27/07/1995,"0,9363","0,9350","0,9364","0,9350","0,0014"
28/07/1995,"0,9354","0,9360","0,9370","0,9350","-0,0010"
31/07/1995,"0,9350","0,9351","0,9365","0,9350","-0,0004"
01/08/1995,"0,9350","0,9346","0,9355","0,9346","0,0000"
02/08/1995,"0,9349","0,9348","0,9420","0,9300","-0,0001"
03/08/1995,"0,9350","0,9347","0,9352","0,9347","0,0001"
04/08/1995,"0,9348","0,9349","0,9355","0,9340","-0,0002"
07/08/1995,"0,9346","0,9348","0,9352","0,9346","-0,0002"
08/08/1995,"0,9350","0,9346","0,9351","0,9346","0,0004"
09/08/1995,"0,9351","0,9350","0,9361","0,9350","0,0001"
10/08/1995,"0,9349","0,9351","0,9362","0,9349","-0,0002"
11/08/1995,"0,9350","0,9349","0,9362","0,9349","0,0001"
14/08/1995,"0,9409","0,9409","0,9410","0,9353","0,0063"
15/08/1995,"0,9409","0,9405","0,9412","0,9405","0,0000"
16/08/1995,"0,9410","0,9409","0,9415","0,9409","0,0001"
17/08/1995,"0,9415","0,9410","0,9416","0,9410","0,0005"
18/08/1995,"0,9412","0,9412","0,9427","0,9411","-0,0003"
21/08/1995,"0,9409","0,9410","0,9416","0,9409","-0,0003"
22/08/1995,"0,9455","0,9410","0,9460","0,9410","0,0049"
23/08/1995,"0,9459","0,9455","0,9462","0,9455","0,0004"
24/08/1995,"0,9463","0,9460","0,9468","0,9460","0,0004"
25/08/1995,"0,9464","0,9460","0,9485","0,9460","0,0001"
28/08/1995,"0,9490","0,9490","0,9490","0,9465","0,0027"
29/08/1995,"0,9495","0,9490","0,9510","0,9480","0,0005"
30/08/1995,"0,9483","0,9495","0,9500","0,9483","-0,0013"
31/08/1995,"0,9490","0,9483","0,9500","0,9483","0,0007"
01/09/1995,"0,9495","0,9490","0,9497","0,9488","0,0005"
04/09/1995,"0,9478","0,9495","0,9495","0,9477","-0,0018"
05/09/1995,"0,9480","0,9477","0,9483","0,9477","0,0002"
06/09/1995,"0,9480","0,9479","0,9484","0,9479","0,0000"
07/09/1995,"0,9479","0,9479","0,9479","0,9479","-0,0001"
08/09/1995,"0,9509","0,9509","0,9510","0,9480","0,0032"
11/09/1995,"0,9513","0,9505","0,9520","0,9500","0,0004"
12/09/1995,"0,9510","0,9510","0,9525","0,9507","-0,0003"
13/09/1995,"0,9523","0,9510","0,9523","0,9508","0,0014"
14/09/1995,"0,9513","0,9520","0,9533","0,9512","-0,0011"
15/09/1995,"0,9512","0,9510","0,9525","0,9510","-0,0001"
18/09/1995,"0,9517","0,9510","0,9522","0,9510","0,0005"
19/09/1995,"0,9523","0,9515","0,9526","0,9515","0,0006"
20/09/1995,"0,9524","0,9520","0,9531","0,9520","0,0001"
21/09/1995,"0,9530","0,9523","0,9539","0,9523","0,0006"
22/09/1995,"0,9531","0,9527","0,9539","0,9527","0,0001"
25/09/1995,"0,9530","0,9532","0,9535","0,9529","-0,0001"
26/09/1995,"0,9540","0,9530","0,9542","0,9530","0,0010"
27/09/1995,"0,9547","0,9540","0,9550","0,9540","0,0007"
28/09/1995,"0,9534","0,9534","0,9554","0,9534","-0,0014"
29/09/1995,"0,9529","0,9530","0,9534","0,9528","-0,0005"
02/10/1995,"0,9580","0,9530","0,9580","0,9529","0,0054"
03/10/1995,"0,9580","0,9578","0,9582","0,9578","0,0000"
04/10/1995,"0,9579","0,9579","0,9583","0,9579","-0,0001"
05/10/1995,"0,9579","0,9578","0,9585","0,9578","0,0000"
06/10/1995,"0,9585","0,9577","0,9589","0,9576","0,0006"
09/10/1995,"0,9580","0,9594","0,9594","0,9579","-0,0005"
10/10/1995,"0,9580","0,9579","0,9584","0,9579","0,0000"
11/10/1995,"0,9578","0,9579","0,9584","0,9574","-0,0002"
12/10/1995,"0,9577","0,9577","0,9577","0,9577","-0,0001"
13/10/1995,"0,9579","0,9579","0,9584","0,9576","0,0002"
16/10/1995,"0,9580","0,9578","0,9591","0,9578","0,0001"
17/10/1995,"0,9580","0,9579","0,9585","0,9579","0,0000"
18/10/1995,"0,9584","0,9580","0,9585","0,9580","0,0004"
19/10/1995,"0,9600","0,9600","0,9600","0,9585","0,0017"
20/10/1995,"0,9609","0,9609","0,9612","0,9590","0,0009"
23/10/1995,"0,9609","0,9609","0,9612","0,9609","0,0000"
24/10/1995,"0,9609","0,9605","0,9612","0,9605","0,0000"
25/10/1995,"0,9609","0,9605","0,9613","0,9605","0,0000"
26/10/1995,"0,9622","0,9628","0,9628","0,9610","0,0014"
27/10/1995,"0,9609","0,9620","0,9624","0,9609","-0,0014"
30/10/1995,"0,9609","0,9617","0,9618","0,9608","0,0000"
31/10/1995,"0,9614","0,9607","0,9619","0,9607","0,0005"
01/11/1995,"0,9622","0,9613","0,9628","0,9613","0,0008"
02/11/1995,"0,9620","0,9621","0,9621","0,9620","-0,0002"
03/11/1995,"0,9611","0,9611","0,9628","0,9611","-0,0009"
06/11/1995,"0,9609","0,9610","0,9623","0,9609","-0,0002"
07/11/1995,"0,9610","0,9607","0,9617","0,9607","0,0001"
08/11/1995,"0,9610","0,9610","0,9615","0,9609","0,0000"
09/11/1995,"0,9610","0,9610","0,9615","0,9609","0,0000"
10/11/1995,"0,9610","0,9610","0,9620","0,9609","0,0000"
13/11/1995,"0,9625","0,9610","0,9630","0,9610","0,0016"
14/11/1995,"0,9620","0,9625","0,9628","0,9615","-0,0005"
15/11/1995,"0,9620","0,9620","0,9620","0,9620","0,0000"
16/11/1995,"0,9611","0,9611","0,9625","0,9610","-0,0009"
17/11/1995,"0,9613","0,9610","0,9622","0,9610","0,0002"
20/11/1995,"0,9610","0,9612","0,9625","0,9610","-0,0003"
21/11/1995,"0,9640","0,9640","0,9640","0,9620","0,0031"
22/11/1995,"0,9645","0,9640","0,9647","0,9640","0,0005"
23/11/1995,"0,9655","0,9645","0,9655","0,9640","0,0010"
24/11/1995,"0,9648","0,9655","0,9657","0,9644","-0,0007"
27/11/1995,"0,9639","0,9650","0,9650","0,9639","-0,0009"
28/11/1995,"0,9640","0,9640","0,9646","0,9640","0,0001"
29/11/1995,"0,9653","0,9640","0,9656","0,9639","0,0013"
30/11/1995,"0,9660","0,9653","0,9660","0,9653","0,0007"
01/12/1995,"0,9660","0,9660","0,9662","0,9659","0,0000"
04/12/1995,"0,9660","0,9660","0,9662","0,9659","0,0000"
05/12/1995,"0,9660","0,9660","0,9663","0,9659","0,0000"
06/12/1995,"0,9660","0,9660","0,9665","0,9659","0,0000"
07/12/1995,"0,9660","0,9660","0,9662","0,9659","0,0000"
08/12/1995,"0,9660","0,9660","0,9662","0,9659","0,0000"
11/12/1995,"0,9660","0,9660","0,9662","0,9659","0,0000"
12/12/1995,"0,9660","0,9660","0,9664","0,9660","0,0000"
13/12/1995,"0,9662","0,9660","0,9668","0,9660","0,0002"
14/12/1995,"0,9667","0,9662","0,9669","0,9662","0,0005"
15/12/1995,"0,9676","0,9665","0,9677","0,9665","0,0009"
18/12/1995,"0,9664","0,9675","0,9682","0,9664","-0,0012"
19/12/1995,"0,9669","0,9664","0,9676","0,9664","0,0005"
20/12/1995,"0,9692","0,9669","0,9694","0,9669","0,0024"
21/12/1995,"0,9685","0,9692","0,9700","0,9685","-0,0007"
22/12/1995,"0,9684","0,9684","0,9704","0,9680","-0,0001"
25/12/1995,"0,9684","0,9684","0,9684","0,9684","0,0000"
26/12/1995,"0,9690","0,9690","0,9700","0,9688","0,0006"
27/12/1995,"0,9712","0,9712","0,9713","0,9698","0,0023"
28/12/1995,"0,9719","0,9712","0,9723","0,9705","0,0007"
29/12/1995,"0,9717","0,9719","0,9720","0,9717","-0,0002"
02/01/1996,"0,9720","0,9720","0,9721","0,9719","0,0003"
03/01/1996,"0,9728","0,9721","0,9730","0,9720","0,0008"
04/01/1996,"0,9719","0,9719","0,9728","0,9719","-0,0009"
05/01/1996,"0,9720","0,9720","0,9723","0,9720","0,0001"
08/01/1996,"0,9719","0,9719","0,9722","0,9719","-0,0001"
09/01/1996,"0,9720","0,9720","0,9722","0,9719","0,0001"
10/01/1996,"0,9720","0,9720","0,9722","0,9719","0,0000"
11/01/1996,"0,9727","0,9727","0,9730","0,9720","0,0007"
12/01/1996,"0,9727","0,9727","0,9730","0,9726","0,0000"
15/01/1996,"0,9719","0,9719","0,9722","0,9719","-0,0008"
16/01/1996,"0,9720","0,9720","0,9722","0,9719","0,0001"
17/01/1996,"0,9721","0,9721","0,9724","0,9720","0,0001"
18/01/1996,"0,9721","0,9721","0,9728","0,9720","0,0000"
19/01/1996,"0,9739","0,9739","0,9739","0,9723","0,0019"
22/01/1996,"0,9740","0,9739","0,9741","0,9739","0,0001"
23/01/1996,"0,9760","0,9740","0,9761","0,9740","0,0021"
24/01/1996,"0,9790","0,9760","0,9790","0,9760","0,0031"
25/01/1996,"0,9759","0,9790","0,9790","0,9759","-0,0032"
26/01/1996,"0,9780","0,9759","0,9785","0,9759","0,0022"
29/01/1996,"0,9780","0,9780","0,9784","0,9780","0,0000"
30/01/1996,"0,9779","0,9780","0,9783","0,9779","-0,0001"
31/01/1996,"0,9780","0,9779","0,9780","0,9778","0,0001"
01/02/1996,"0,9779","0,9780","0,9782","0,9779","-0,0001"
02/02/1996,"0,9779","0,9780","0,9781","0,9779","0,0000"
05/02/1996,"0,9780","0,9779","0,9781","0,9779","0,0001"
06/02/1996,"0,9780","0,9780","0,9782","0,9779","0,0000"
07/02/1996,"0,9779","0,9781","0,9784","0,9779","-0,0001"
08/02/1996,"0,9779","0,9779","0,9783","0,9779","0,0000"
09/02/1996,"0,9780","0,9779","0,9786","0,9779","0,0001"
12/02/1996,"0,9780","0,9780","0,9785","0,9779","0,0000"
13/02/1996,"0,9780","0,9780","0,9801","0,9780","0,0000"
14/02/1996,"0,9845","0,9780","0,9850","0,9780","0,0066"
15/02/1996,"0,9845","0,9845","0,9850","0,9810","0,0000"
16/02/1996,"0,9840","0,9845","0,9845","0,9805","-0,0005"
19/02/1996,"0,9840","0,9840","0,9840","0,9840","0,0000"
20/02/1996,"0,9840","0,9840","0,9840","0,9840","0,0000"
21/02/1996,"0,9835","0,9835","0,9840","0,9805","-0,0005"
22/02/1996,"0,9815","0,9835","0,9835","0,9813","-0,0020"
23/02/1996,"0,9808","0,9815","0,9820","0,9808","-0,0007"
26/02/1996,"0,9829","0,9808","0,9833","0,9808","0,0021"
27/02/1996,"0,9870","0,9829","0,9870","0,9829","0,0042"
28/02/1996,"0,9825","0,9870","0,9870","0,9825","-0,0046"
29/02/1996,"0,9844","0,9825","0,9847","0,9825","0,0019"
01/03/1996,"0,9832","0,9844","0,9844","0,9832","-0,0012"
04/03/1996,"0,9830","0,9830","0,9837","0,9829","-0,0002"
05/03/1996,"0,9830","0,9830","0,9836","0,9829","0,0000"
06/03/1996,"0,9832","0,9830","0,9839","0,9830","0,0002"
07/03/1996,"0,9830","0,9832","0,9846","0,9830","-0,0002"
08/03/1996,"0,9831","0,9830","0,9842","0,9830","0,0001"
11/03/1996,"0,9832","0,9831","0,9840","0,9831","0,0001"
12/03/1996,"0,9839","0,9832","0,9839","0,9823","0,0007"
13/03/1996,"0,9873","0,9839","0,9873","0,9839","0,0035"
14/03/1996,"0,9878","0,9875","0,9880","0,9860","0,0005"
15/03/1996,"0,9860","0,9860","0,9870","0,9856","-0,0018"
18/03/1996,"0,9859","0,9860","0,9863","0,9858","-0,0001"
19/03/1996,"0,9864","0,9859","0,9868","0,9859","0,0005"
20/03/1996,"0,9877","0,9865","0,9895","0,9865","0,0013"
22/03/1996,"0,9867","0,9862","0,9873","0,9862","-0,0010"
25/03/1996,"0,9873","0,9873","0,9883","0,9870","0,0006"
26/03/1996,"0,9873","0,9873","0,9880","0,9873","0,0000"
27/03/1996,"0,9877","0,9877","0,9882","0,9873","0,0004"
28/03/1996,"0,9873","0,9877","0,9881","0,9872","-0,0004"
29/03/1996,"0,9876","0,9876","0,9897","0,9873","0,0003"
01/04/1996,"0,9871","0,9876","0,9882","0,9870","-0,0005"
02/04/1996,"0,9864","0,9871","0,9873","0,9864","-0,0007"
03/04/1996,"0,9868","0,9868","0,9870","0,9867","0,0004"
04/04/1996,"0,9868","0,9868","0,9868","0,9868","0,0000"
05/04/1996,"0,9868","0,9868","0,9868","0,9868","0,0000"
08/04/1996,"0,9867","0,9867","0,9874","0,9867","-0,0001"
09/04/1996,"0,9889","0,9867","0,9890","0,9867","0,0022"
10/04/1996,"0,9905","0,9889","0,9920","0,9889","0,0016"
11/04/1996,"0,9925","0,9905","0,9934","0,9894","0,0020"
12/04/1996,"0,9890","0,9925","0,9925","0,9890","-0,0035"
15/04/1996,"0,9889","0,9890","0,9898","0,9889","-0,0001"
16/04/1996,"0,9893","0,9889","0,9904","0,9889","0,0004"
17/04/1996,"0,9890","0,9893","0,9901","0,9889","-0,0003"
18/04/1996,"0,9889","0,9889","0,9894","0,9889","-0,0001"
19/04/1996,"0,9909","0,9889","0,9912","0,9889","0,0020"
22/04/1996,"0,9909","0,9909","0,9915","0,9909","0,0000"
23/04/1996,"0,9909","0,9909","0,9913","0,9909","0,0000"
24/04/1996,"0,9909","0,9910","0,9913","0,9909","0,0000"
25/04/1996,"0,9908","0,9909","0,9915","0,9908","-0,0001"
26/04/1996,"0,9918","0,9908","0,9923","0,9908","0,0010"
29/04/1996,"0,9916","0,9917","0,9924","0,9916","-0,0002"
30/04/1996,"0,9920","0,9915","0,9924","0,9915","0,0004"
01/05/1996,"0,9920","0,9920","0,9920","0,9920","0,0000"
02/05/1996,"0,9919","0,9921","0,9923","0,9919","-0,0001"
03/05/1996,"0,9919","0,9919","0,9923","0,9919","0,0000"
06/05/1996,"0,9919","0,9919","0,9924","0,9919","0,0000"
07/05/1996,"0,9921","0,9919","0,9926","0,9919","0,0002"
08/05/1996,"0,9930","0,9919","0,9930","0,9919","0,0009"
09/05/1996,"0,9940","0,9930","0,9940","0,9930","0,0010"
10/05/1996,"0,9940","0,9941","0,9942","0,9939","0,0000"
13/05/1996,"0,9965","0,9941","0,9980","0,9940","0,0025"
14/05/1996,"0,9970","0,9965","0,9975","0,9947","0,0005"
15/05/1996,"0,9954","0,9970","0,9970","0,9948","-0,0016"
16/05/1996,"0,9953","0,9953","0,9966","0,9953","-0,0001"
17/05/1996,"0,9950","0,9954","0,9957","0,9941","-0,0003"
20/05/1996,"0,9950","0,9950","0,9954","0,9949","0,0000"
21/05/1996,"0,9950","0,9951","0,9955","0,9949","0,0000"
22/05/1996,"0,9949","0,9999","0,9999","0,9945","-0,0001"
23/05/1996,"0,9955","0,9949","0,9999","0,9949","0,0006"
24/05/1996,"0,9962","0,9955","0,9967","0,9954","0,0007"
27/05/1996,"0,9960","0,9962","0,9975","0,9960","-0,0002"
28/05/1996,"0,9960","0,9960","0,9985","0,9958","0,0000"
29/05/1996,"0,9962","0,9959","0,9967","0,9959","0,0002"
30/05/1996,"0,9969","0,9962","0,9971","0,9962","0,0007"
31/05/1996,"0,9980","0,9969","0,9981","0,9969","0,0011"
03/06/1996,"0,9980","0,9982","0,9983","0,9979","0,0000"
04/06/1996,"0,9979","0,9979","0,9982","0,9979","-0,0001"
05/06/1996,"0,9979","0,9979","0,9985","0,9972","0,0000"
06/06/1996,"0,9979","0,9979","0,9979","0,9979","0,0000"
07/06/1996,"0,9990","0,9979","0,9991","0,9979","0,0011"
10/06/1996,"0,9990","0,9990","0,9995","0,9989","0,0000"
11/06/1996,"0,9990","0,9990","0,9995","0,9989","0,0000"
12/06/1996,"1,0008","0,9990","1,0019","0,9990","0,0018"
13/06/1996,"1,0010","1,0008","1,0010","0,9997","0,0002"
14/06/1996,"1,0010","1,0010","1,0012","1,0009","0,0000"
17/06/1996,"1,0010","1,0010","1,0012","1,0009","0,0000"
18/06/1996,"1,0010","1,0010","1,0013","1,0009","0,0000"
19/06/1996,"1,0015","1,0010","1,0020","1,0010","0,0005"
20/06/1996,"1,0020","1,0016","1,0026","1,0016","0,0005"
21/06/1996,"1,0022","1,0020","1,0040","1,0020","0,0002"
24/06/1996,"1,0020","1,0022","1,0030","1,0020","-0,0002"
25/06/1996,"1,0025","1,0020","1,0027","1,0020","0,0005"
26/06/1996,"1,0040","1,0025","1,0041","1,0025","0,0015"
27/06/1996,"1,0030","1,0040","1,0040","1,0029","-0,0010"
28/06/1996,"1,0039","1,0030","1,0040","1,0030","0,0009"
01/07/1996,"1,0039","1,0039","1,0042","1,0039","0,0000"
02/07/1996,"1,0049","1,0039","1,0053","1,0039","0,0010"
03/07/1996,"1,0046","1,0050","1,0052","1,0046","-0,0003"
04/07/1996,"1,0042","1,0046","1,0046","1,0041","-0,0004"
05/07/1996,"1,0040","1,0042","1,0048","1,0039","-0,0002"
08/07/1996,"1,0040","1,0040","1,0045","1,0039","0,0000"
09/07/1996,"1,0050","1,0040","1,0052","1,0040","0,0010"
10/07/1996,"1,0053","1,0050","1,0056","1,0050","0,0003"
11/07/1996,"1,0049","1,0053","1,0054","1,0049","-0,0004"
12/07/1996,"1,0050","1,0049","1,0054","1,0049","0,0001"
15/07/1996,"1,0060","1,0050","1,0060","1,0050","0,0010"
16/07/1996,"1,0059","1,0060","1,0062","1,0059","-0,0001"
17/07/1996,"1,0064","1,0059","1,0064","1,0059","0,0005"
18/07/1996,"1,0069","1,0064","1,0071","1,0064","0,0005"
19/07/1996,"1,0068","1,0069","1,0073","1,0068","-0,0001"
22/07/1996,"1,0070","1,0068","1,0075","1,0068","0,0002"
23/07/1996,"1,0074","1,0070","1,0077","1,0070","0,0004"
24/07/1996,"1,0083","1,0074","1,0086","1,0074","0,0009"
25/07/1996,"1,0082","1,0083","1,0084","1,0081","-0,0001"
26/07/1996,"1,0093","1,0082","1,0094","1,0082","0,0011"
29/07/1996,"1,0100","1,0093","1,0101","1,0091","0,0007"
30/07/1996,"1,0100","1,0100","1,0105","1,0100","0,0000"
31/07/1996,"1,0140","1,0100","1,0163","1,0100","0,0040"
01/08/1996,"1,0096","1,0140","1,0140","1,0095","-0,0043"
02/08/1996,"1,0094","1,0096","1,0100","1,0093","-0,0002"
05/08/1996,"1,0095","1,0094","1,0098","1,0085","0,0001"
06/08/1996,"1,0109","1,0095","1,0109","1,0095","0,0014"
07/08/1996,"1,0109","1,0109","1,0118","1,0109","0,0000"
08/08/1996,"1,0109","1,0109","1,0113","1,0108","0,0000"
09/08/1996,"1,0114","1,0109","1,0120","1,0109","0,0005"
12/08/1996,"1,0119","1,0114","1,0120","1,0114","0,0005"
13/08/1996,"1,0123","1,0119","1,0124","1,0119","0,0004"
14/08/1996,"1,0123","1,0123","1,0128","1,0123","0,0000"
15/08/1996,"1,0124","1,0123","1,0127","1,0123","0,0001"
16/08/1996,"1,0129","1,0124","1,0131","1,0124","0,0005"
19/08/1996,"1,0130","1,0129","1,0131","1,0129","0,0001"
20/08/1996,"1,0140","1,0130","1,0142","1,0130","0,0010"
21/08/1996,"1,0145","1,0140","1,0147","1,0140","0,0005"
22/08/1996,"1,0143","1,0145","1,0153","1,0142","-0,0002"
23/08/1996,"1,0150","1,0143","1,0151","1,0143","0,0007"
26/08/1996,"1,0149","1,0150","1,0153","1,0147","-0,0001"
27/08/1996,"1,0151","1,0149","1,0155","1,0149","0,0002"
28/08/1996,"1,0154","1,0151","1,0162","1,0149","0,0003"
29/08/1996,"1,0160","1,0154","1,0168","1,0154","0,0006"
30/08/1996,"1,0163","1,0160","1,0166","1,0160","0,0003"
02/09/1996,"1,0160","1,0163","1,0165","1,0159","-0,0003"
03/09/1996,"1,0169","1,0160","1,0173","1,0160","0,0009"
04/09/1996,"1,0164","1,0169","1,0170","1,0163","-0,0005"
05/09/1996,"1,0170","1,0164","1,0176","1,0164","0,0006"
06/09/1996,"1,0179","1,0170","1,0185","1,0170","0,0009"
09/09/1996,"1,0189","1,0179","1,0193","1,0178","0,0010"
10/09/1996,"1,0185","1,0189","1,0206","1,0184","-0,0004"
11/09/1996,"1,0183","1,0185","1,0186","1,0181","-0,0002"
12/09/1996,"1,0204","1,0183","1,0204","1,0182","0,0021"
13/09/1996,"1,0183","1,0204","1,0205","1,0182","-0,0021"
16/09/1996,"1,0184","1,0183","1,0190","1,0183","0,0001"
17/09/1996,"1,0190","1,0184","1,0192","1,0184","0,0006"
18/09/1996,"1,0191","1,0190","1,0195","1,0190","0,0001"
19/09/1996,"1,0190","1,0191","1,0192","1,0186","-0,0001"
20/09/1996,"1,0194","1,0190","1,0198","1,0190","0,0004"
23/09/1996,"1,0195","1,0194","1,0198","1,0194","0,0001"
24/09/1996,"1,0194","1,0195","1,0198","1,0193","-0,0001"
25/09/1996,"1,0200","1,0194","1,0201","1,0194","0,0006"
26/09/1996,"1,0199","1,0201","1,0205","1,0199","-0,0001"
27/09/1996,"1,0204","1,0199","1,0205","1,0199","0,0005"
30/09/1996,"1,0210","1,0204","1,0210","1,0204","0,0006"
01/10/1996,"1,0209","1,0210","1,0212","1,0209","-0,0001"
02/10/1996,"1,0209","1,0210","1,0214","1,0209","0,0000"
03/10/1996,"1,0208","1,0209","1,0209","1,0208","-0,0001"
04/10/1996,"1,0217","1,0208","1,0222","1,0208","0,0009"
07/10/1996,"1,0219","1,0216","1,0225","1,0215","0,0002"
08/10/1996,"1,0220","1,0219","1,0223","1,0219","0,0001"
09/10/1996,"1,0235","1,0220","1,0235","1,0220","0,0015"
10/10/1996,"1,0270","1,0235","1,0283","1,0234","0,0034"
11/10/1996,"1,0250","1,0270","1,0271","1,0235","-0,0019"
14/10/1996,"1,0245","1,0250","1,0250","1,0237","-0,0005"
15/10/1996,"1,0245","1,0246","1,0248","1,0244","0,0000"
16/10/1996,"1,0245","1,0245","1,0252","1,0244","0,0000"
17/10/1996,"1,0245","1,0245","1,0247","1,0244","0,0000"
18/10/1996,"1,0246","1,0245","1,0250","1,0245","0,0001"
21/10/1996,"1,0255","1,0246","1,0255","1,0245","0,0009"
22/10/1996,"1,0273","1,0255","1,0275","1,0255","0,0018"
23/10/1996,"1,0256","1,0273","1,0280","1,0256","-0,0017"
24/10/1996,"1,0253","1,0256","1,0260","1,0253","-0,0003"
25/10/1996,"1,0265","1,0253","1,0278","1,0253","0,0012"
28/10/1996,"1,0290","1,0265","1,0290","1,0265","0,0024"
29/10/1996,"1,0274","1,0290","1,0291","1,0270","-0,0016"
30/10/1996,"1,0274","1,0274","1,0274","1,0267","0,0000"
31/10/1996,"1,0273","1,0274","1,0278","1,0269","-0,0001"
01/11/1996,"1,0275","1,0273","1,0279","1,0272","0,0002"
04/11/1996,"1,0274","1,0275","1,0277","1,0274","-0,0001"
05/11/1996,"1,0275","1,0274","1,0278","1,0274","0,0001"
06/11/1996,"1,0275","1,0275","1,0277","1,0274","0,0000"
07/11/1996,"1,0284","1,0275","1,0289","1,0275","0,0009"
08/11/1996,"1,0294","1,0284","1,0298","1,0284","0,0010"
11/11/1996,"1,0294","1,0294","1,0295","1,0287","0,0000"
12/11/1996,"1,0300","1,0294","1,0318","1,0294","0,0006"
13/11/1996,"1,0300","1,0300","1,0312","1,0295","0,0000"
14/11/1996,"1,0295","1,0300","1,0306","1,0295","-0,0005"
15/11/1996,"1,0295","1,0295","1,0295","1,0295","0,0000"
18/11/1996,"1,0294","1,0295","1,0302","1,0294","-0,0001"
19/11/1996,"1,0295","1,0294","1,0301","1,0294","0,0001"
20/11/1996,"1,0304","1,0295","1,0305","1,0295","0,0009"
21/11/1996,"1,0302","1,0304","1,0310","1,0302","-0,0002"
22/11/1996,"1,0304","1,0302","1,0308","1,0302","0,0002"
25/11/1996,"1,0304","1,0304","1,0308","1,0304","0,0000"
26/11/1996,"1,0315","1,0304","1,0320","1,0304","0,0011"
27/11/1996,"1,0319","1,0315","1,0321","1,0315","0,0004"
28/11/1996,"1,0325","1,0319","1,0325","1,0317","0,0006"
29/11/1996,"1,0326","1,0325","1,0332","1,0325","0,0001"
02/12/1996,"1,0324","1,0326","1,0328","1,0324","-0,0002"
03/12/1996,"1,0324","1,0324","1,0330","1,0324","0,0000"
04/12/1996,"1,0335","1,0324","1,0335","1,0324","0,0011"
05/12/1996,"1,0344","1,0335","1,0345","1,0335","0,0009"
06/12/1996,"1,0345","1,0344","1,0348","1,0344","0,0001"
09/12/1996,"1,0345","1,0345","1,0348","1,0344","0,0000"
10/12/1996,"1,0360","1,0345","1,0360","1,0345","0,0014"
11/12/1996,"1,0367","1,0360","1,0369","1,0360","0,0007"
12/12/1996,"1,0380","1,0367","1,0385","1,0361","0,0013"
13/12/1996,"1,0388","1,0380","1,0390","1,0370","0,0008"
16/12/1996,"1,0385","1,0388","1,0393","1,0378","-0,0003"
17/12/1996,"1,0385","1,0385","1,0416","1,0380","0,0000"
18/12/1996,"1,0375","1,0385","1,0385","1,0374","-0,0010"
19/12/1996,"1,0380","1,0375","1,0381","1,0375","0,0005"
20/12/1996,"1,0379","1,0380","1,0388","1,0379","-0,0001"
23/12/1996,"1,0385","1,0379","1,0385","1,0379","0,0006"
24/12/1996,"1,0387","1,0385","1,0395","1,0385","0,0002"
25/12/1996,"1,0387","1,0387","1,0387","1,0387","0,0000"
26/12/1996,"1,0385","1,0385","1,0387","1,0384","-0,0002"
27/12/1996,"1,0390","1,0385","1,0402","1,0385","0,0005"
30/12/1996,"1,0385","1,0390","1,0393","1,0385","-0,0005"
31/12/1996,"1,0389","1,0385","1,0390","1,0385","0,0004"
02/01/1997,"1,0390","1,0389","1,0395","1,0389","0,0001"
03/01/1997,"1,0391","1,0390","1,0396","1,0390","0,0001"
06/01/1997,"1,0400","1,0391","1,0401","1,0391","0,0009"
07/01/1997,"1,0400","1,0400","1,0403","1,0399","0,0000"
08/01/1997,"1,0415","1,0400","1,0417","1,0400","0,0014"
09/01/1997,"1,0404","1,0415","1,0415","1,0403","-0,0011"
10/01/1997,"1,0412","1,0404","1,0415","1,0404","0,0008"
13/01/1997,"1,0415","1,0412","1,0416","1,0412","0,0003"
14/01/1997,"1,0415","1,0415","1,0419","1,0415","0,0000"
15/01/1997,"1,0423","1,0415","1,0425","1,0415","0,0008"
16/01/1997,"1,0428","1,0423","1,0434","1,0423","0,0005"
17/01/1997,"1,0431","1,0428","1,0436","1,0428","0,0003"
20/01/1997,"1,0425","1,0431","1,0431","1,0424","-0,0006"
21/01/1997,"1,0429","1,0425","1,0431","1,0425","0,0004"
22/01/1997,"1,0430","1,0429","1,0434","1,0429","0,0001"
23/01/1997,"1,0431","1,0430","1,0436","1,0430","0,0001"
24/01/1997,"1,0434","1,0431","1,0438","1,0431","0,0003"
27/01/1997,"1,0435","1,0435","1,0440","1,0435","0,0001"
28/01/1997,"1,0444","1,0435","1,0446","1,0324","0,0009"
29/01/1997,"1,0452","1,0444","1,0454","1,0444","0,0008"
30/01/1997,"1,0453","1,0452","1,0454","1,0450","0,0001"
31/01/1997,"1,0456","1,0453","1,0462","1,0452","0,0003"
03/02/1997,"1,0450","1,0456","1,0456","1,0445","-0,0006"
04/02/1997,"1,0460","1,0450","1,0460","1,0450","0,0010"
05/02/1997,"1,0467","1,0460","1,0468","1,0460","0,0007"
06/02/1997,"1,0469","1,0467","1,0469","1,0466","0,0002"
07/02/1997,"1,0470","1,0469","1,0478","1,0466","0,0001"
10/02/1997,"1,0470","1,0470","1,0470","1,0470","0,0000"
11/02/1997,"1,0470","1,0470","1,0470","1,0470","0,0000"
12/02/1997,"1,0470","1,0470","1,0473","1,0469","0,0000"
13/02/1997,"1,0485","1,0470","1,0486","1,0470","0,0014"
14/02/1997,"1,0491","1,0485","1,0493","1,0485","0,0006"
17/02/1997,"1,0485","1,0491","1,0491","1,0484","-0,0006"
18/02/1997,"1,0490","1,0485","1,0491","1,0485","0,0005"
19/02/1997,"1,0500","1,0491","1,0510","1,0491","0,0010"
20/02/1997,"1,0505","1,0500","1,0505","1,0500","0,0005"
21/02/1997,"1,0500","1,0505","1,0505","1,0405","-0,0005"
24/02/1997,"1,0499","1,0500","1,0505","1,0499","-0,0001"
25/02/1997,"1,0507","1,0499","1,0510","1,0499","0,0008"
26/02/1997,"1,0510","1,0507","1,0518","1,0507","0,0003"
27/02/1997,"1,0506","1,0510","1,0516","1,0505","-0,0004"
28/02/1997,"1,0509","1,0506","1,0511","1,0506","0,0003"
03/03/1997,"1,0509","1,0509","1,0512","1,0509","0,0000"
04/03/1997,"1,0510","1,0509","1,0514","1,0509","0,0001"
05/03/1997,"1,0525","1,0510","1,0525","1,0510","0,0014"
06/03/1997,"1,0525","1,0525","1,0527","1,0524","0,0000"
07/03/1997,"1,0525","1,0525","1,0529","1,0525","0,0000"
10/03/1997,"1,0526","1,0525","1,0530","1,0522","0,0001"
11/03/1997,"1,0534","1,0526","1,0535","1,0526","0,0008"
12/03/1997,"1,0570","1,0534","1,0570","1,0534","0,0034"
13/03/1997,"1,0570","1,0570","1,0570","1,0543","0,0000"
14/03/1997,"1,0580","1,0570","1,0583","1,0545","0,0009"
17/03/1997,"1,0589","1,0580","1,0600","1,0558","0,0009"
18/03/1997,"1,0614","1,0589","1,0614","1,0574","0,0024"
19/03/1997,"1,0613","1,0614","1,0614","1,0592","-0,0001"
20/03/1997,"1,0614","1,0613","1,0615","1,0585","0,0001"
21/03/1997,"1,0614","1,0614","1,0615","1,0595","0,0000"
24/03/1997,"1,0613","1,0614","1,0615","1,0600","-0,0001"
25/03/1997,"1,0613","1,0613","1,0615","1,0600","0,0000"
26/03/1997,"1,0585","1,0613","1,0613","1,0585","-0,0026"
27/03/1997,"1,0585","1,0585","1,0585","1,0585","0,0000"
31/03/1997,"1,0605","1,0600","1,0607","1,0580","0,0019"
01/04/1997,"1,0588","1,0605","1,0605","1,0584","-0,0016"
02/04/1997,"1,0600","1,0588","1,0605","1,0588","0,0011"
03/04/1997,"1,0575","1,0600","1,0600","1,0575","-0,0024"
04/04/1997,"1,0580","1,0575","1,0582","1,0575","0,0005"
07/04/1997,"1,0580","1,0580","1,0580","1,0580","0,0000"
08/04/1997,"1,0580","1,0583","1,0586","1,0580","0,0000"
09/04/1997,"1,0582","1,0581","1,0589","1,0581","0,0002"
10/04/1997,"1,0586","1,0582","1,0587","1,0582","0,0004"
11/04/1997,"1,0590","1,0586","1,0594","1,0586","0,0004"
14/04/1997,"1,0597","1,0590","1,0598","1,0590","0,0007"
15/04/1997,"1,0599","1,0597","1,0605","1,0597","0,0002"
16/04/1997,"1,0606","1,0599","1,0610","1,0599","0,0007"
17/04/1997,"1,0609","1,0606","1,0611","1,0606","0,0003"
18/04/1997,"1,0621","1,0609","1,0622","1,0609","0,0011"
21/04/1997,"1,0619","1,0621","1,0621","1,0619","-0,0002"
22/04/1997,"1,0625","1,0619","1,0629","1,0619","0,0006"
23/04/1997,"1,0626","1,0625","1,0633","1,0623","0,0001"
24/04/1997,"1,0625","1,0626","1,0628","1,0624","-0,0001"
25/04/1997,"1,0625","1,0625","1,0627","1,0625","0,0000"
28/04/1997,"1,0627","1,0625","1,0628","1,0625","0,0002"
29/04/1997,"1,0627","1,0627","1,0631","1,0627","0,0000"
30/04/1997,"1,0634","1,0627","1,0634","1,0627","0,0007"
01/05/1997,"1,0635","1,0635","1,0635","1,0635","0,0001"
02/05/1997,"1,0640","1,0635","1,0642","1,0635","0,0005"
05/05/1997,"1,0641","1,0644","1,0644","1,0641","0,0001"
06/05/1997,"1,0645","1,0641","1,0646","1,0641","0,0004"
07/05/1997,"1,0648","1,0645","1,0650","1,0645","0,0003"
08/05/1997,"1,0645","1,0648","1,0649","1,0644","-0,0003"
09/05/1997,"1,0659","1,0650","1,0659","1,0648","0,0013"
12/05/1997,"1,0665","1,0659","1,0685","1,0659","0,0006"
13/05/1997,"1,0680","1,0665","1,0680","1,0665","0,0014"
14/05/1997,"1,0675","1,0680","1,0691","1,0670","-0,0005"
15/05/1997,"1,0669","1,0675","1,0681","1,0668","-0,0006"
16/05/1997,"1,0670","1,0669","1,0676","1,0669","0,0001"
19/05/1997,"1,0673","1,0671","1,0677","1,0671","0,0003"
20/05/1997,"1,0679","1,0673","1,0683","1,0673","0,0006"
21/05/1997,"1,0692","1,0679","1,0693","1,0679","0,0012"
22/05/1997,"1,0703","1,0692","1,0705","1,0690","0,0010"
23/05/1997,"1,0724","1,0703","1,0727","1,0700","0,0020"
26/05/1997,"1,0738","1,0710","1,0740","1,0710","0,0013"
27/05/1997,"1,0710","1,0738","1,0738","1,0700","-0,0026"
28/05/1997,"1,0740","1,0710","1,0740","1,0710","0,0028"
29/05/1997,"1,0740","1,0740","1,0740","1,0740","0,0000"
30/05/1997,"1,0702","1,0740","1,0740","1,0700","-0,0035"
02/06/1997,"1,0706","1,0702","1,0708","1,0702","0,0004"
03/06/1997,"1,0709","1,0706","1,0716","1,0706","0,0003"
04/06/1997,"1,0715","1,0709","1,0732","1,0709","0,0006"
05/06/1997,"1,0718","1,0715","1,0731","1,0710","0,0003"
06/06/1997,"1,0722","1,0718","1,0728","1,0718","0,0004"
09/06/1997,"1,0722","1,0722","1,0732","1,0722","0,0000"
10/06/1997,"1,0723","1,0722","1,0727","1,0722","0,0001"
11/06/1997,"1,0729","1,0723","1,0731","1,0723","0,0006"
12/06/1997,"1,0736","1,0729","1,0739","1,0729","0,0007"
13/06/1997,"1,0746","1,0736","1,0746","1,0736","0,0009"
16/06/1997,"1,0732","1,0746","1,0746","1,0731","-0,0013"
17/06/1997,"1,0737","1,0732","1,0738","1,0732","0,0005"
18/06/1997,"1,0744","1,0737","1,0750","1,0737","0,0007"
19/06/1997,"1,0763","1,0744","1,0766","1,0744","0,0018"
20/06/1997,"1,0755","1,0763","1,0782","1,0755","-0,0007"
23/06/1997,"1,0776","1,0755","1,0776","1,0755","0,0020"
24/06/1997,"1,0762","1,0776","1,0776","1,0757","-0,0013"
25/06/1997,"1,0764","1,0762","1,0769","1,0755","0,0002"
26/06/1997,"1,0763","1,0764","1,0765","1,0762","-0,0001"
27/06/1997,"1,0763","1,0763","1,0771","1,0738","0,0000"
30/06/1997,"1,0764","1,0763","1,0765","1,0763","0,0001"
01/07/1997,"1,0763","1,0764","1,0768","1,0763","-0,0001"
02/07/1997,"1,0766","1,0763","1,0771","1,0763","0,0003"
03/07/1997,"1,0776","1,0766","1,0776","1,0766","0,0009"
04/07/1997,"1,0774","1,0776","1,0776","1,0773","-0,0002"
07/07/1997,"1,0773","1,0775","1,0779","1,0773","-0,0001"
08/07/1997,"1,0789","1,0773","1,0790","1,0773","0,0015"
09/07/1997,"1,0798","1,0787","1,0798","1,0787","0,0008"
10/07/1997,"1,0790","1,0798","1,0798","1,0790","-0,0007"
11/07/1997,"1,0799","1,0790","1,0800","1,0790","0,0008"
14/07/1997,"1,0799","1,0799","1,0804","1,0799","0,0000"
15/07/1997,"1,0806","1,0799","1,0807","1,0799","0,0006"
16/07/1997,"1,0805","1,0806","1,0810","1,0802","-0,0001"
17/07/1997,"1,0809","1,0805","1,0809","1,0802","0,0004"
18/07/1997,"1,0809","1,0809","1,0814","1,0808","0,0000"
21/07/1997,"1,0809","1,0809","1,0812","1,0809","0,0000"
22/07/1997,"1,0813","1,0809","1,0815","1,0809","0,0004"
23/07/1997,"1,0817","1,0813","1,0820","1,0813","0,0004"
24/07/1997,"1,0815","1,0817","1,0823","1,0814","-0,0002"
25/07/1997,"1,0819","1,0815","1,0822","1,0815","0,0004"
28/07/1997,"1,0824","1,0819","1,0824","1,0819","0,0005"
29/07/1997,"1,0829","1,0824","1,0832","1,0824","0,0005"
30/07/1997,"1,0829","1,0829","1,0831","1,0828","0,0000"
31/07/1997,"1,0829","1,0829","1,0830","1,0829","0,0000"
01/08/1997,"1,0830","1,0829","1,0831","1,0829","0,0001"
04/08/1997,"1,0829","1,0830","1,0832","1,0829","-0,0001"
05/08/1997,"1,0839","1,0829","1,0840","1,0829","0,0009"
06/08/1997,"1,0840","1,0839","1,0841","1,0839","0,0001"
07/08/1997,"1,0850","1,0840","1,0850","1,0840","0,0009"
08/08/1997,"1,0854","1,0850","1,0861","1,0850","0,0004"
11/08/1997,"1,0852","1,0850","1,0859","1,0850","-0,0002"
12/08/1997,"1,0853","1,0852","1,0856","1,0852","0,0001"
13/08/1997,"1,0858","1,0853","1,0860","1,0853","0,0005"
14/08/1997,"1,0859","1,0858","1,0860","1,0858","0,0001"
15/08/1997,"1,0873","1,0859","1,0888","1,0859","0,0013"
18/08/1997,"1,0898","1,0873","1,0905","1,0865","0,0023"
19/08/1997,"1,0885","1,0898","1,0898","1,0879","-0,0012"
20/08/1997,"1,0886","1,0885","1,0893","1,0880","0,0001"
21/08/1997,"1,0905","1,0886","1,0915","1,0880","0,0017"
22/08/1997,"1,0920","1,0905","1,0923","1,0900","0,0014"
25/08/1997,"1,0920","1,0900","1,0924","1,0900","0,0000"
26/08/1997,"1,0920","1,0920","1,0926","1,0917","0,0000"
27/08/1997,"1,0915","1,0920","1,0932","1,0904","-0,0005"
28/08/1997,"1,0930","1,0915","1,0930","1,0906","0,0014"
29/08/1997,"1,0915","1,0930","1,0930","1,0909","-0,0014"
01/09/1997,"1,0922","1,0915","1,0923","1,0899","0,0006"
02/09/1997,"1,0918","1,0922","1,0924","1,0912","-0,0004"
03/09/1997,"1,0921","1,0918","1,0926","1,0915","0,0003"
04/09/1997,"1,0916","1,0921","1,0925","1,0915","-0,0005"
05/09/1997,"1,0910","1,0916","1,0931","1,0908","-0,0005"
08/09/1997,"1,0911","1,0910","1,0915","1,0907","0,0001"
09/09/1997,"1,0908","1,0911","1,0914","1,0907","-0,0003"
10/09/1997,"1,0914","1,0908","1,0915","1,0908","0,0006"
11/09/1997,"1,0916","1,0914","1,0921","1,0914","0,0002"
12/09/1997,"1,0920","1,0916","1,0923","1,0915","0,0004"
15/09/1997,"1,0920","1,0920","1,0922","1,0919","0,0000"
16/09/1997,"1,0925","1,0920","1,0929","1,0920","0,0005"
17/09/1997,"1,0934","1,0925","1,0935","1,0925","0,0008"
18/09/1997,"1,0934","1,0934","1,0942","1,0934","0,0000"
19/09/1997,"1,0942","1,0934","1,0945","1,0934","0,0007"
22/09/1997,"1,0945","1,0942","1,0946","1,0941","0,0003"
23/09/1997,"1,0946","1,0946","1,0949","1,0946","0,0001"
24/09/1997,"1,0950","1,0949","1,0950","1,0948","0,0004"
25/09/1997,"1,0950","1,0949","1,0953","1,0949","0,0000"
26/09/1997,"1,0955","1,0949","1,0957","1,0949","0,0005"
29/09/1997,"1,0955","1,0954","1,0960","1,0954","0,0000"
30/09/1997,"1,0959","1,0954","1,0960","1,0954","0,0004"
01/10/1997,"1,0960","1,0958","1,0964","1,0958","0,0001"
02/10/1997,"1,0962","1,0958","1,0967","1,0958","0,0002"
03/10/1997,"1,0965","1,0961","1,0968","1,0961","0,0003"
06/10/1997,"1,0970","1,0964","1,0970","1,0964","0,0005"
07/10/1997,"1,0972","1,0968","1,0973","1,0968","0,0002"
08/10/1997,"1,0972","1,0972","1,0975","1,0972","0,0000"
09/10/1997,"1,0975","1,0971","1,0978","1,0971","0,0003"
10/10/1997,"1,0982","1,0974","1,0982","1,0974","0,0006"
13/10/1997,"1,0980","1,0980","1,0980","1,0978","-0,0002"
14/10/1997,"1,0981","1,0978","1,0985","1,0978","0,0001"
15/10/1997,"1,0990","1,0980","1,0991","1,0980","0,0008"
16/10/1997,"1,0990","1,0990","1,0993","1,0990","0,0000"
17/10/1997,"1,0993","1,0990","1,0999","1,0990","0,0003"
20/10/1997,"1,0995","1,0992","1,1000","1,0992","0,0002"
21/10/1997,"1,0996","1,0995","1,1001","1,0995","0,0001"
22/10/1997,"1,1004","1,1001","1,1005","1,1000","0,0007"
23/10/1997,"1,1005","1,1003","1,1005","1,1003","0,0001"
24/10/1997,"1,1007","1,1003","1,1009","1,1003","0,0002"
27/10/1997,"1,1051","1,1006","1,1051","1,1006","0,0040"
28/10/1997,"1,1014","1,1050","1,1073","1,1008","-0,0033"
29/10/1997,"1,1027","1,1014","1,1028","1,1014","0,0012"
30/10/1997,"1,1060","1,1027","1,1062","1,1025","0,0030"
31/10/1997,"1,1025","1,1015","1,1054","1,1015","-0,0032"
03/11/1997,"1,1025","1,1024","1,1036","1,1023","0,0000"
04/11/1997,"1,1035","1,1024","1,1050","1,1024","0,0009"
05/11/1997,"1,1035","1,1039","1,1040","1,1033","0,0000"
06/11/1997,"1,1038","1,1035","1,1080","1,1035","0,0003"
07/11/1997,"1,1055","1,1075","1,1084","1,1055","0,0015"
10/11/1997,"1,1048","1,1055","1,1058","1,1040","-0,0006"
11/11/1997,"1,1044","1,1045","1,1046","1,1044","-0,0004"
12/11/1997,"1,1061","1,1050","1,1065","1,1050","0,0015"
13/11/1997,"1,1070","1,1063","1,1077","1,1056","0,0008"
14/11/1997,"1,1067","1,1070","1,1083","1,1065","-0,0003"
17/11/1997,"1,1055","1,1067","1,1074","1,1054","-0,0011"
18/11/1997,"1,1055","1,1065","1,1069","1,1054","0,0000"
19/11/1997,"1,1074","1,1065","1,1088","1,1065","0,0017"
20/11/1997,"1,1080","1,1074","1,1090","1,1073","0,0005"
21/11/1997,"1,1090","1,1085","1,1099","1,1085","0,0009"
24/11/1997,"1,1083","1,1095","1,1100","1,1080","-0,0006"
25/11/1997,"1,1096","1,1095","1,1108","1,1090","0,0012"
26/11/1997,"1,1098","1,1092","1,1102","1,1092","0,0002"
27/11/1997,"1,1078","1,1090","1,1090","1,1075","-0,0018"
28/11/1997,"1,1090","1,1088","1,1103","1,1088","0,0011"
01/12/1997,"1,1089","1,1096","1,1096","1,1088","-0,0001"
02/12/1997,"1,1090","1,1095","1,1096","1,1089","0,0001"
03/12/1997,"1,1100","1,1100","1,1100","1,1098","0,0009"
04/12/1997,"1,1100","1,1104","1,1105","1,1099","0,0000"
05/12/1997,"1,1100","1,1105","1,1105","1,1099","0,0000"
08/12/1997,"1,1114","1,1108","1,1116","1,1106","0,0013"
09/12/1997,"1,1115","1,1118","1,1118","1,1114","0,0001"
10/12/1997,"1,1133","1,1115","1,1138","1,1115","0,0016"
11/12/1997,"1,1150","1,1132","1,1158","1,1132","0,0015"
12/12/1997,"1,1158","1,1145","1,1164","1,1145","0,0007"
15/12/1997,"1,1124","1,1138","1,1141","1,1124","-0,0030"
16/12/1997,"1,1128","1,1130","1,1132","1,1125","0,0004"
17/12/1997,"1,1135","1,1130","1,1140","1,1130","0,0006"
18/12/1997,"1,1136","1,1134","1,1143","1,1134","0,0001"
19/12/1997,"1,1136","1,1135","1,1150","1,1135","0,0000"
22/12/1997,"1,1145","1,1146","1,1148","1,1144","0,0008"
23/12/1997,"1,1145","1,1146","1,1147","1,1144","0,0000"
24/12/1997,"1,1144","1,1147","1,1147","1,1144","-0,0001"
25/12/1997,"1,1144","1,1144","1,1144","1,1144","0,0000"
26/12/1997,"1,1147","1,1147","1,1148","1,1145","0,0003"
29/12/1997,"1,1145","1,1156","1,1158","1,1144","-0,0002"
30/12/1997,"1,1160","1,1150","1,1162","1,1150","0,0013"
31/12/1997,"1,1160","1,1149","1,1170","1,1149","0,0000"
02/01/1998,"1,1160","1,1160","1,1162","1,1156","0,0000"
05/01/1998,"1,1160","1,1160","1,1165","1,1159","0,0000"
06/01/1998,"1,1157","1,1160","1,1170","1,1157","-0,0003"
07/01/1998,"1,1170","1,1170","1,1171","1,1169","0,0012"
08/01/1998,"1,1175","1,1173","1,1190","1,1173","0,0004"
09/01/1998,"1,1170","1,1188","1,1188","1,1170","-0,0004"
12/01/1998,"1,1180","1,1170","1,1192","1,1170","0,0009"
13/01/1998,"1,1180","1,1184","1,1184","1,1179","0,0000"
14/01/1998,"1,1185","1,1184","1,1205","1,1181","0,0004"
15/01/1998,"1,1165","1,1204","1,1210","1,1165","-0,0018"
16/01/1998,"1,1206","1,1160","1,1212","1,1160","0,0037"
19/01/1998,"1,1193","1,1206","1,1206","1,1190","-0,0012"
20/01/1998,"1,1200","1,1200","1,1200","1,1199","0,0006"
21/01/1998,"1,1200","1,1204","1,1204","1,1200","0,0000"
22/01/1998,"1,1200","1,1203","1,1204","1,1199","0,0000"
23/01/1998,"1,1210","1,1209","1,1211","1,1208","0,0009"
26/01/1998,"1,1210","1,1214","1,1214","1,1169","0,0000"
27/01/1998,"1,1220","1,1215","1,1220","1,1215","0,0009"
28/01/1998,"1,1220","1,1222","1,1227","1,1220","0,0000"
29/01/1998,"1,1228","1,1223","1,1237","1,1223","0,0007"
30/01/1998,"1,1230","1,1232","1,1237","1,1229","0,0002"
02/02/1998,"1,1229","1,1233","1,1233","1,1229","-0,0001"
03/02/1998,"1,1240","1,1235","1,1240","1,1235","0,0010"
04/02/1998,"1,1240","1,1243","1,1243","1,1239","0,0000"
05/02/1998,"1,1240","1,1244","1,1244","1,1239","0,0000"
06/02/1998,"1,1250","1,1249","1,1250","1,1248","0,0009"
09/02/1998,"1,1250","1,1251","1,1251","1,1249","0,0000"
10/02/1998,"1,1260","1,1256","1,1260","1,1255","0,0009"
11/02/1998,"1,1260","1,1260","1,1260","1,1259","0,0000"
12/02/1998,"1,1260","1,1263","1,1265","1,1260","0,0000"
13/02/1998,"1,1271","1,1271","1,1272","1,1270","0,0010"
16/02/1998,"1,1270","1,1270","1,1270","1,1269","-0,0001"
17/02/1998,"1,1280","1,1275","1,1280","1,1275","0,0009"
18/02/1998,"1,1280","1,1283","1,1283","1,1279","0,0000"
19/02/1998,"1,1289","1,1281","1,1290","1,1280","0,0008"
20/02/1998,"1,1290","1,1291","1,1292","1,1289","0,0001"
23/02/1998,"1,1290","1,1290","1,1290","1,1290","0,0000"
24/02/1998,"1,1290","1,1290","1,1290","1,1290","0,0000"
25/02/1998,"1,1289","1,1294","1,1294","1,1289","-0,0001"
26/02/1998,"1,1295","1,1293","1,1295","1,1293","0,0005"
27/02/1998,"1,1299","1,1301","1,1301","1,1290","0,0004"
02/03/1998,"1,1300","1,1301","1,1301","1,1299","0,0001"
03/03/1998,"1,1300","1,1301","1,1302","1,1299","0,0000"
04/03/1998,"1,1299","1,1308","1,1310","1,1299","-0,0001"
05/03/1998,"1,1310","1,1309","1,1311","1,1309","0,0010"
06/03/1998,"1,1310","1,1310","1,1311","1,1309","0,0000"
09/03/1998,"1,1319","1,1314","1,1320","1,1314","0,0008"
10/03/1998,"1,1320","1,1320","1,1320","1,1319","0,0001"
11/03/1998,"1,1320","1,1321","1,1321","1,1319","0,0000"
12/03/1998,"1,1321","1,1326","1,1327","1,1320","0,0001"
13/03/1998,"1,1330","1,1325","1,1330","1,1325","0,0008"
16/03/1998,"1,1330","1,1331","1,1331","1,1329","0,0000"
17/03/1998,"1,1330","1,1331","1,1332","1,1329","0,0000"
18/03/1998,"1,1340","1,1330","1,1340","1,1330","0,0009"
19/03/1998,"1,1340","1,1340","1,1341","1,1338","0,0000"
20/03/1998,"1,1340","1,1341","1,1344","1,1340","0,0000"
23/03/1998,"1,1342","1,1348","1,1348","1,1341","0,0002"
24/03/1998,"1,1342","1,1350","1,1350","1,1342","0,0000"
25/03/1998,"1,1355","1,1351","1,1355","1,1349","0,0011"
26/03/1998,"1,1354","1,1355","1,1358","1,1354","-0,0001"
27/03/1998,"1,1360","1,1357","1,1360","1,1356","0,0005"
30/03/1998,"1,1360","1,1363","1,1363","1,1359","0,0000"
31/03/1998,"1,1370","1,1368","1,1370","1,1368","0,0009"
01/04/1998,"1,1370","1,1371","1,1371","1,1369","0,0000"
02/04/1998,"1,1370","1,1371","1,1372","1,1369","0,0000"
03/04/1998,"1,1380","1,1379","1,1380","1,1378","0,0009"
06/04/1998,"1,1388","1,1382","1,1391","1,1382","0,0007"
07/04/1998,"1,1381","1,1386","1,1386","1,1380","-0,0006"
08/04/1998,"1,1390","1,1389","1,1390","1,1388","0,0008"
09/04/1998,"1,1390","1,1390","1,1390","1,1390","0,0000"
10/04/1998,"1,1390","1,1390","1,1390","1,1390","0,0000"
13/04/1998,"1,1392","1,1392","1,1393","1,1390","0,0002"
14/04/1998,"1,1397","1,1398","1,1400","1,1390","0,0004"
15/04/1998,"1,1404","1,1401","1,1405","1,1401","0,0006"
16/04/1998,"1,1407","1,1405","1,1408","1,1404","0,0003"
17/04/1998,"1,1410","1,1410","1,1411","1,1409","0,0003"
20/04/1998,"1,1412","1,1412","1,1417","1,1412","0,0002"
21/04/1998,"1,1412","1,1412","1,1412","1,1412","0,0000"
22/04/1998,"1,1422","1,1419","1,1424","1,1412","0,0009"
23/04/1998,"1,1432","1,1422","1,1435","1,1422","0,0009"
24/04/1998,"1,1429","1,1428","1,1436","1,1427","-0,0003"
27/04/1998,"1,1438","1,1429","1,1443","1,1429","0,0008"
28/04/1998,"1,1465","1,1439","1,1465","1,1439","0,0024"
29/04/1998,"1,1438","1,1442","1,1451","1,1438","-0,0024"
30/04/1998,"1,1435","1,1441","1,1443","1,1434","-0,0003"
01/05/1998,"1,1435","1,1435","1,1435","1,1435","0,0000"
04/05/1998,"1,1435","1,1438","1,1440","1,1435","0,0000"
05/05/1998,"1,1444","1,1442","1,1445","1,1442","0,0008"
06/05/1998,"1,1445","1,1448","1,1448","1,1445","0,0001"
07/05/1998,"1,1446","1,1448","1,1448","1,1446","0,0001"
08/05/1998,"1,1448","1,1453","1,1454","1,1447","0,0002"
11/05/1998,"1,1454","1,1455","1,1455","1,1454","0,0005"
12/05/1998,"1,1460","1,1454","1,1460","1,1454","0,0005"
13/05/1998,"1,1468","1,1460","1,1476","1,1460","0,0007"
14/05/1998,"1,1465","1,1468","1,1473","1,1464","-0,0003"
15/05/1998,"1,1464","1,1468","1,1469","1,1464","-0,0001"
18/05/1998,"1,1490","1,1471","1,1490","1,1467","0,0023"
19/05/1998,"1,1477","1,1483","1,1492","1,1477","-0,0011"
20/05/1998,"1,1484","1,1483","1,1488","1,1482","0,0006"
21/05/1998,"1,1493","1,1490","1,1499","1,1489","0,0008"
22/05/1998,"1,1514","1,1504","1,1517","1,1504","0,0018"
25/05/1998,"1,1520","1,1506","1,1530","1,1506","0,0005"
26/05/1998,"1,1535","1,1515","1,1539","1,1515","0,0013"
27/05/1998,"1,1508","1,1540","1,1550","1,1505","-0,0023"
28/05/1998,"1,1496","1,1500","1,1500","1,1492","-0,0010"
29/05/1998,"1,1504","1,1496","1,1504","1,1454","0,0007"
01/06/1998,"1,1514","1,1515","1,1520","1,1504","0,0009"
02/06/1998,"1,1509","1,1504","1,1514","1,1504","-0,0004"
03/06/1998,"1,1512","1,1515","1,1620","1,1510","0,0003"
04/06/1998,"1,1510","1,1515","1,1515","1,1509","-0,0002"
05/06/1998,"1,1520","1,1510","1,1520","1,1510","0,0009"
08/06/1998,"1,1524","1,1520","1,1527","1,1519","0,0003"
09/06/1998,"1,1534","1,1528","1,1535","1,1528","0,0009"
10/06/1998,"1,1535","1,1537","1,1552","1,1533","0,0001"
11/06/1998,"1,1535","1,1535","1,1535","1,1535","0,0000"
12/06/1998,"1,1545","1,1550","1,1555","1,1543","0,0009"
15/06/1998,"1,1538","1,1547","1,1550","1,1538","-0,0006"
16/06/1998,"1,1544","1,1545","1,1545","1,1543","0,0005"
17/06/1998,"1,1550","1,1547","1,1551","1,1547","0,0005"
18/06/1998,"1,1550","1,1553","1,1555","1,1550","0,0000"
19/06/1998,"1,1546","1,1561","1,1563","1,1544","-0,0003"
22/06/1998,"1,1549","1,1550","1,1551","1,1546","0,0003"
23/06/1998,"1,1545","1,1549","1,1553","1,1545","-0,0003"
24/06/1998,"1,1555","1,1553","1,1556","1,1552","0,0009"
25/06/1998,"1,1554","1,1558","1,1558","1,1554","-0,0001"
26/06/1998,"1,1563","1,1558","1,1565","1,1557","0,0008"
29/06/1998,"1,1563","1,1563","1,1563","1,1559","0,0000"
30/06/1998,"1,1565","1,1565","1,1566","1,1564","0,0002"
01/07/1998,"1,1565","1,1567","1,1568","1,1565","0,0000"
02/07/1998,"1,1565","1,1567","1,1568","1,1565","0,0000"
03/07/1998,"1,1567","1,1571","1,1572","1,1567","0,0002"
06/07/1998,"1,1580","1,1576","1,1581","1,1575","0,0011"
07/07/1998,"1,1582","1,1585","1,1587","1,1582","0,0002"
08/07/1998,"1,1608","1,1587","1,1630","1,1586","0,0022"
09/07/1998,"1,1610","1,1600","1,1615","1,1590","0,0002"
10/07/1998,"1,1594","1,1610","1,1622","1,1594","-0,0014"
13/07/1998,"1,1636","1,1600","1,1640","1,1600","0,0036"
14/07/1998,"1,1624","1,1625","1,1636","1,1622","-0,0010"
15/07/1998,"1,1618","1,1616","1,1630","1,1607","-0,0005"
16/07/1998,"1,1614","1,1613","1,1621","1,1612","-0,0003"
17/07/1998,"1,1614","1,1618","1,1621","1,1610","0,0000"
20/07/1998,"1,1600","1,1605","1,1605","1,1600","-0,0012"
21/07/1998,"1,1605","1,1606","1,1606","1,1603","0,0004"
22/07/1998,"1,1623","1,1608","1,1640","1,1608","0,0016"
23/07/1998,"1,1650","1,1630","1,1655","1,1630","0,0023"
24/07/1998,"1,1660","1,1653","1,1665","1,1650","0,0009"
27/07/1998,"1,1645","1,1650","1,1663","1,1645","-0,0013"
28/07/1998,"1,1655","1,1640","1,1655","1,1621","0,0009"
29/07/1998,"1,1620","1,1629","1,1638","1,1618","-0,0030"
30/07/1998,"1,1619","1,1620","1,1621","1,1619","-0,0001"
31/07/1998,"1,1629","1,1627","1,1630","1,1627","0,0009"
03/08/1998,"1,1640","1,1634","1,1651","1,1634","0,0009"
04/08/1998,"1,1652","1,1645","1,1663","1,1645","0,0010"
05/08/1998,"1,1669","1,1669","1,1679","1,1665","0,0015"
06/08/1998,"1,1670","1,1680","1,1685","1,1660","0,0001"
07/08/1998,"1,1677","1,1684","1,1692","1,1673","0,0006"
10/08/1998,"1,1687","1,1680","1,1697","1,1680","0,0009"
11/08/1998,"1,1687","1,1702","1,1705","1,1680","0,0000"
12/08/1998,"1,1710","1,1689","1,1718","1,1689","0,0020"
13/08/1998,"1,1714","1,1717","1,1717","1,1708","0,0003"
14/08/1998,"1,1715","1,1716","1,1718","1,1708","0,0001"
17/08/1998,"1,1729","1,1720","1,1729","1,1720","0,0012"
18/08/1998,"1,1739","1,1729","1,1739","1,1725","0,0009"
19/08/1998,"1,1739","1,1738","1,1742","1,1738","0,0000"
20/08/1998,"1,1739","1,1738","1,1740","1,1731","0,0000"
21/08/1998,"1,1749","1,1740","1,1749","1,1740","0,0009"
24/08/1998,"1,1747","1,1747","1,1750","1,1742","-0,0002"
25/08/1998,"1,1747","1,1740","1,1749","1,1720","0,0000"
26/08/1998,"1,1720","1,1727","1,1730","1,1714","-0,0023"
27/08/1998,"1,1761","1,1735","1,1762","1,1735","0,0035"
28/08/1998,"1,1761","1,1750","1,1761","1,1750","0,0000"
31/08/1998,"1,1765","1,1740","1,1770","1,1740","0,0003"
01/09/1998,"1,1769","1,1767","1,1770","1,1758","0,0003"
02/09/1998,"1,1769","1,1770","1,1773","1,1768","0,0000"
03/09/1998,"1,1779","1,1770","1,1779","1,1767","0,0008"
04/09/1998,"1,1779","1,1778","1,1780","1,1778","0,0000"
07/09/1998,"1,1779","1,1779","1,1779","1,1779","0,0000"
08/09/1998,"1,1758","1,1765","1,1770","1,1755","-0,0018"
09/09/1998,"1,1789","1,1775","1,1790","1,1775","0,0026"
10/09/1998,"1,1788","1,1791","1,1791","1,1788","-0,0001"
11/09/1998,"1,1789","1,1780","1,1789","1,1780","0,0001"
14/09/1998,"1,1798","1,1788","1,1799","1,1788","0,0008"
15/09/1998,"1,1794","1,1795","1,1795","1,1787","-0,0003"
16/09/1998,"1,1800","1,1792","1,1800","1,1784","0,0005"
17/09/1998,"1,1788","1,1796","1,1800","1,1785","-0,0010"
18/09/1998,"1,1809","1,1800","1,1809","1,1800","0,0018"
21/09/1998,"1,1814","1,1805","1,1814","1,1805","0,0004"
22/09/1998,"1,1834","1,1815","1,1839","1,1815","0,0017"
23/09/1998,"1,1834","1,1833","1,1835","1,1833","0,0000"
24/09/1998,"1,1834","1,1829","1,2000","1,1827","0,0000"
25/09/1998,"1,1844","1,1843","1,1845","1,1841","0,0008"
28/09/1998,"1,1844","1,1845","1,1847","1,1843","0,0000"
29/09/1998,"1,1845","1,1845","1,1846","1,1844","0,0001"
30/09/1998,"1,1840","1,1845","1,1854","1,1835","-0,0004"
01/10/1998,"1,1790","1,1845","1,1845","1,1759","-0,0042"
02/10/1998,"1,1845","1,1820","1,1848","1,1818","0,0047"
05/10/1998,"1,1847","1,1850","1,1859","1,1845","0,0002"
06/10/1998,"1,1825","1,1850","1,1852","1,1821","-0,0019"
07/10/1998,"1,1820","1,1830","1,1845","1,1815","-0,0004"
08/10/1998,"1,1840","1,1830","1,1850","1,1830","0,0017"
09/10/1998,"1,1862","1,1853","1,1868","1,1853","0,0019"
12/10/1998,"1,1862","1,1862","1,1862","1,1862","0,0000"
13/10/1998,"1,1874","1,1862","1,1874","1,1862","0,0010"
14/10/1998,"1,1875","1,1880","1,1884","1,1875","0,0001"
15/10/1998,"1,1875","1,1875","1,1884","1,1875","0,0000"
16/10/1998,"1,1882","1,1882","1,1884","1,1881","0,0006"
19/10/1998,"1,1894","1,1890","1,1898","1,1890","0,0010"
20/10/1998,"1,1878","1,1892","1,1894","1,1870","-0,0013"
21/10/1998,"1,1900","1,1890","1,1900","1,1890","0,0019"
22/10/1998,"1,1899","1,1900","1,1906","1,1899","-0,0001"
23/10/1998,"1,1900","1,1908","1,1909","1,1900","0,0001"
26/10/1998,"1,1907","1,1907","1,1909","1,1907","0,0006"
27/10/1998,"1,1919","1,1915","1,1920","1,1913","0,0010"
28/10/1998,"1,1919","1,1919","1,1919","1,1919","0,0000"
29/10/1998,"1,1908","1,1919","1,1919","1,1908","-0,0009"
30/10/1998,"1,1929","1,1923","1,1929","1,1923","0,0018"
02/11/1998,"1,1929","1,1929","1,1929","1,1929","0,0000"
03/11/1998,"1,1910","1,1928","1,1928","1,1905","-0,0016"
04/11/1998,"1,1903","1,1915","1,1920","1,1885","-0,0006"
05/11/1998,"1,1880","1,1915","1,1921","1,1874","-0,0019"
06/11/1998,"1,1880","1,1883","1,1883","1,1877","0,0000"
09/11/1998,"1,1893","1,1890","1,1897","1,1890","0,0011"
10/11/1998,"1,1910","1,1900","1,1913","1,1899","0,0014"
11/11/1998,"1,1898","1,1905","1,1906","1,1897","-0,0010"
12/11/1998,"1,1908","1,1904","1,1912","1,1904","0,0008"
13/11/1998,"1,1903","1,1916","1,1918","1,1898","-0,0004"
16/11/1998,"1,1905","1,1905","1,1910","1,1901","0,0002"
17/11/1998,"1,1900","1,1910","1,1915","1,1900","-0,0004"
18/11/1998,"1,1922","1,1903","1,1925","1,1903","0,0018"
19/11/1998,"1,1930","1,1919","1,1952","1,1919","0,0007"
20/11/1998,"1,1955","1,1940","1,1960","1,1940","0,0021"
23/11/1998,"1,1950","1,1955","1,1977","1,1950","-0,0004"
24/11/1998,"1,1972","1,1976","1,1976","1,1972","0,0018"
25/11/1998,"1,1992","1,1970","1,1993","1,1970","0,0017"
26/11/1998,"1,1995","1,1985","1,1997","1,1985","0,0003"
27/11/1998,"1,2003","1,1990","1,2004","1,1990","0,0007"
30/11/1998,"1,2014","1,1999","1,2015","1,1999","0,0009"
01/12/1998,"1,2010","1,2008","1,2013","1,2008","-0,0003"
02/12/1998,"1,2005","1,2010","1,2012","1,2000","-0,0004"
03/12/1998,"1,2019","1,2011","1,2024","1,2011","0,0012"
04/12/1998,"1,2023","1,2021","1,2024","1,2020","0,0003"
07/12/1998,"1,2015","1,2023","1,2028","1,2015","-0,0007"
08/12/1998,"1,2034","1,2026","1,2034","1,2026","0,0016"
09/12/1998,"1,2032","1,2033","1,2034","1,2026","-0,0002"
10/12/1998,"1,2018","1,2033","1,2035","1,2018","-0,0012"
11/12/1998,"1,2044","1,2025","1,2045","1,2025","0,0022"
14/12/1998,"1,2040","1,2044","1,2045","1,2040","-0,0003"
15/12/1998,"1,2039","1,2047","1,2055","1,2035","-0,0001"
16/12/1998,"1,2048","1,2048","1,2052","1,2045","0,0007"
17/12/1998,"1,2063","1,2049","1,2065","1,2048","0,0012"
18/12/1998,"1,2064","1,2062","1,2065","1,2061","0,0001"
21/12/1998,"1,2064","1,2066","1,2066","1,2064","0,0000"
22/12/1998,"1,2069","1,2066","1,2073","1,2066","0,0004"
23/12/1998,"1,2074","1,2070","1,2074","1,2070","0,0004"
24/12/1998,"1,2074","1,2074","1,2074","1,2074","0,0000"
25/12/1998,"1,2074","1,2074","1,2074","1,2074","0,0000"
28/12/1998,"1,2079","1,2076","1,2080","1,2075","0,0004"
29/12/1998,"1,2079","1,2079","1,2080","1,2078","0,0000"
30/12/1998,"1,2079","1,2079","1,2080","1,2075","0,0000"
31/12/1998,"1,2080","1,2078","1,2087","1,2060","0,0001"
04/01/1999,"1,2070","1,2080","1,2083","1,2067","-0,0008"
05/01/1999,"1,2078","1,2078","1,2082","1,2077","0,0007"
06/01/1999,"1,2089","1,2090","1,2093","1,2088","0,0009"
07/01/1999,"1,2100","1,2093","1,2100","1,2093","0,0009"
08/01/1999,"1,2099","1,2100","1,2100","1,2097","-0,0001"
11/01/1999,"1,2106","1,2100","1,2107","1,2097","0,0006"
12/01/1999,"1,2108","1,2108","1,2110","1,2108","0,0002"
13/01/1999,"1,3000","1,3000","1,3200","1,2800","0,0737"
14/01/1999,"1,3195","1,3000","1,3200","1,3000","0,0150"
15/01/1999,"1,4100","1,3000","1,5300","1,3000","0,0686"
18/01/1999,"1,5700","1,4200","1,5900","1,4000","0,1135"
19/01/1999,"1,5400","1,5600","1,5900","1,5200","-0,0191"
20/01/1999,"1,5800","1,5500","1,5800","1,5500","0,0260"
21/01/1999,"1,7000","1,5800","1,7500","1,5000","0,0759"
22/01/1999,"1,7000","1,7300","1,7300","1,6300","0,0000"
25/01/1999,"1,7800","1,7600","1,7900","1,6600","0,0471"
26/01/1999,"1,8200","1,7800","1,9600","1,7600","0,0225"
27/01/1999,"1,8900","1,8200","1,9300","1,8200","0,0385"
28/01/1999,"1,9200","1,9000","1,9500","1,8500","0,0159"
29/01/1999,"2,0700","1,9200","2,1300","1,9200","0,0781"
01/02/1999,"1,9000","2,0700","2,0700","1,8800","-0,0821"
02/02/1999,"1,7400","1,9000","1,9000","1,7300","-0,0842"
03/02/1999,"1,7700","1,7400","1,8000","1,7200","0,0172"
04/02/1999,"1,7900","1,7700","1,8400","1,7700","0,0113"
05/02/1999,"1,8200","1,7900","1,8400","1,7900","0,0168"
08/02/1999,"1,9000","1,8200","1,9000","1,8200","0,0440"
09/02/1999,"1,8900","1,9000","1,9500","1,8800","-0,0053"
10/02/1999,"1,8700","1,8900","1,9200","1,8600","-0,0106"
11/02/1999,"1,9000","1,8700","1,9100","1,8400","0,0160"
12/02/1999,"1,8900","1,9000","1,9300","1,8000","-0,0053"
15/02/1999,"1,8900","1,8900","1,8900","1,8900","0,0000"
16/02/1999,"1,8900","1,8900","1,8900","1,8900","0,0000"
17/02/1999,"1,9000","1,8500","1,9200","1,8500","0,0053"
18/02/1999,"1,9000","1,9000","1,9100","1,8800","0,0000"
19/02/1999,"1,9200","1,9000","1,9400","1,8900","0,0105"
22/02/1999,"1,9500","1,9200","1,9700","1,9000","0,0156"
23/02/1999,"1,9900","1,9500","2,0500","1,9500","0,0205"
24/02/1999,"2,0200","1,9900","2,0300","1,9700","0,0151"
25/02/1999,"2,0300","2,0200","2,0400","2,0000","0,0050"
26/02/1999,"2,0300","2,0300","2,0800","2,0300","0,0000"
01/03/1999,"2,1300","1,9700","2,1500","1,9700","0,0493"
02/03/1999,"2,1500","2,1300","2,2000","2,0700","0,0094"
03/03/1999,"2,1300","2,1500","2,1800","2,1100","-0,0093"
04/03/1999,"2,0600","2,1300","2,1300","2,0500","-0,0329"
05/03/1999,"1,9700","2,0600","2,0600","1,9600","-0,0437"
08/03/1999,"1,9700","1,9700","1,9900","1,9500","0,0000"
09/03/1999,"1,8700","1,9700","1,9700","1,8700","-0,0508"
10/03/1999,"1,8600","1,8700","1,8750","1,8400","-0,0053"
11/03/1999,"1,9000","1,8600","1,9000","1,8600","0,0215"
12/03/1999,"1,9100","1,9000","1,9100","1,8800","0,0053"
15/03/1999,"1,8550","1,9100","1,9100","1,8500","-0,0288"
16/03/1999,"1,8650","1,8550","1,8700","1,8350","0,0054"
17/03/1999,"1,8700","1,8650","1,8800","1,8600","0,0027"
18/03/1999,"1,8500","1,8700","1,8700","1,8450","-0,0107"
19/03/1999,"1,8450","1,8520","1,8550","1,8300","-0,0027"
22/03/1999,"1,8400","1,8450","1,8650","1,8400","-0,0027"
23/03/1999,"1,8400","1,8400","1,8500","1,8400","0,0000"
24/03/1999,"1,8350","1,8500","1,8500","1,8300","-0,0027"
25/03/1999,"1,7850","1,8350","1,8350","1,7850","-0,0272"
26/03/1999,"1,7700","1,7850","1,7850","1,7700","-0,0084"
29/03/1999,"1,7550","1,7700","1,7750","1,7550","-0,0085"
30/03/1999,"1,7400","1,7550","1,7550","1,7200","-0,0085"
31/03/1999,"1,7150","1,7400","1,7400","1,7100","-0,0144"
01/04/1999,"1,7150","1,7150","1,7150","1,7150","0,0000"
02/04/1999,"1,7150","1,7150","1,7150","1,7150","0,0000"
05/04/1999,"1,7350","1,7100","1,7400","1,7100","0,0117"
06/04/1999,"1,7300","1,7350","1,7400","1,7200","-0,0029"
07/04/1999,"1,7250","1,7300","1,7300","1,7200","-0,0029"
08/04/1999,"1,7100","1,7250","1,7250","1,7050","-0,0087"
09/04/1999,"1,7000","1,7100","1,7100","1,7000","-0,0058"
12/04/1999,"1,6850","1,7000","1,7050","1,6850","-0,0088"
13/04/1999,"1,6600","1,6850","1,6850","1,6500","-0,0148"
14/04/1999,"1,6700","1,6600","1,6720","1,6300","0,0060"
15/04/1999,"1,6550","1,6700","1,6750","1,6500","-0,0090"
16/04/1999,"1,6700","1,6550","1,6700","1,6550","0,0091"
19/04/1999,"1,6770","1,6650","1,6780","1,6650","0,0042"
20/04/1999,"1,7200","1,6770","1,7200","1,6750","0,0256"
21/04/1999,"1,7200","1,7200","1,7200","1,7200","0,0000"
22/04/1999,"1,6950","1,7100","1,7100","1,6900","-0,0145"
23/04/1999,"1,6870","1,6950","1,6950","1,6800","-0,0047"
26/04/1999,"1,6980","1,6870","1,7020","1,6850","0,0065"
27/04/1999,"1,7050","1,6980","1,7100","1,6980","0,0041"
28/04/1999,"1,6800","1,7050","1,7050","1,6800","-0,0147"
29/04/1999,"1,6680","1,6800","1,6800","1,6580","-0,0071"
30/04/1999,"1,6640","1,6680","1,6680","1,6550","-0,0024"
03/05/1999,"1,6730","1,6650","1,6780","1,6650","0,0054"
04/05/1999,"1,6830","1,6730","1,6850","1,6650","0,0060"
05/05/1999,"1,6820","1,6830","1,6880","1,6770","-0,0006"
06/05/1999,"1,6770","1,6820","1,6820","1,6650","-0,0030"
07/05/1999,"1,6580","1,6770","1,6770","1,6580","-0,0113"
10/05/1999,"1,6460","1,6580","1,6580","1,6450","-0,0072"
11/05/1999,"1,6540","1,6460","1,6570","1,6420","0,0049"
12/05/1999,"1,6540","1,6540","1,6670","1,6490","0,0000"
13/05/1999,"1,6530","1,6540","1,6550","1,6460","-0,0006"
14/05/1999,"1,6540","1,6510","1,6620","1,6510","0,0006"
17/05/1999,"1,6660","1,6540","1,6710","1,6540","0,0073"
18/05/1999,"1,6640","1,6660","1,6690","1,6610","-0,0012"
19/05/1999,"1,6700","1,6640","1,6710","1,6560","0,0036"
20/05/1999,"1,6840","1,6700","1,6940","1,6650","0,0084"
21/05/1999,"1,6990","1,6840","1,7040","1,6840","0,0089"
24/05/1999,"1,7240","1,6990","1,7240","1,6850","0,0147"
25/05/1999,"1,7300","1,7240","1,7560","1,7230","0,0035"
26/05/1999,"1,7010","1,7300","1,7300","1,7000","-0,0168"
27/05/1999,"1,7200","1,7010","1,7200","1,6900","0,0112"
28/05/1999,"1,7190","1,7200","1,7360","1,7130","-0,0006"
31/05/1999,"1,7190","1,7250","1,7320","1,7120","0,0000"
01/06/1999,"1,7410","1,7190","1,7420","1,7190","0,0128"
02/06/1999,"1,7370","1,7410","1,7600","1,7300","-0,0023"
03/06/1999,"1,7370","1,7370","1,7370","1,7370","0,0000"
04/06/1999,"1,7350","1,7430","1,7430","1,7290","-0,0012"
07/06/1999,"1,7400","1,7350","1,7430","1,7330","0,0029"
08/06/1999,"1,7500","1,7400","1,7520","1,7400","0,0057"
09/06/1999,"1,7490","1,7500","1,7500","1,7400","-0,0006"
10/06/1999,"1,7620","1,7490","1,7620","1,7490","0,0074"
11/06/1999,"1,7800","1,7620","1,7820","1,7620","0,0102"
14/06/1999,"1,7880","1,7800","1,7890","1,7730","0,0045"
15/06/1999,"1,7790","1,7880","1,7960","1,7720","-0,0050"
16/06/1999,"1,7640","1,7800","1,7800","1,7600","-0,0084"
17/06/1999,"1,7480","1,7640","1,7640","1,7480","-0,0091"
18/06/1999,"1,7580","1,7480","1,7580","1,7400","0,0057"
21/06/1999,"1,7610","1,7580","1,7670","1,7550","0,0017"
22/06/1999,"1,7730","1,7610","1,7750","1,7580","0,0068"
23/06/1999,"1,7870","1,7730","1,7880","1,7730","0,0079"
24/06/1999,"1,7920","1,7870","1,8140","1,7870","0,0028"
25/06/1999,"1,7920","1,7920","1,8050","1,7800","0,0000"
28/06/1999,"1,7750","1,7950","1,7980","1,7750","-0,0095"
29/06/1999,"1,7700","1,7750","1,7750","1,7600","-0,0028"
30/06/1999,"1,7520","1,7700","1,7750","1,7500","-0,0102"
01/07/1999,"1,7680","1,7520","1,7720","1,7450","0,0091"
02/07/1999,"1,7600","1,7680","1,7800","1,7580","-0,0045"
05/07/1999,"1,7670","1,7600","1,7680","1,7600","0,0040"
06/07/1999,"1,7770","1,7670","1,7780","1,7650","0,0057"
07/07/1999,"1,7780","1,7770","1,7860","1,7750","0,0006"
08/07/1999,"1,8010","1,7780","1,8020","1,7720","0,0129"
09/07/1999,"1,7970","1,8010","1,8060","1,7790","-0,0022"
12/07/1999,"1,8320","1,7970","1,8350","1,7900","0,0195"
13/07/1999,"1,8240","1,8320","1,8610","1,8200","-0,0044"
14/07/1999,"1,8200","1,8240","1,8240","1,7940","-0,0022"
15/07/1999,"1,8060","1,8200","1,8350","1,8050","-0,0077"
16/07/1999,"1,7960","1,8060","1,8160","1,7950","-0,0055"
19/07/1999,"1,7880","1,7960","1,7980","1,7850","-0,0045"
20/07/1999,"1,8150","1,7880","1,8150","1,7850","0,0151"
21/07/1999,"1,8110","1,8150","1,8240","1,8080","-0,0022"
22/07/1999,"1,8130","1,8110","1,8240","1,8090","0,0011"
23/07/1999,"1,8180","1,8130","1,8180","1,8080","0,0028"
26/07/1999,"1,8230","1,8180","1,8250","1,8130","0,0028"
27/07/1999,"1,8110","1,8230","1,8240","1,8110","-0,0066"
28/07/1999,"1,7900","1,8110","1,8110","1,7800","-0,0116"
29/07/1999,"1,7900","1,7900","1,7970","1,7850","0,0000"
30/07/1999,"1,8020","1,7900","1,8030","1,7800","0,0067"
02/08/1999,"1,8250","1,7950","1,8250","1,7950","0,0128"
03/08/1999,"1,8170","1,8250","1,8300","1,8160","-0,0044"
04/08/1999,"1,8290","1,8150","1,8290","1,8150","0,0066"
05/08/1999,"1,8460","1,8350","1,8520","1,8350","0,0093"
06/08/1999,"1,8430","1,8480","1,8530","1,8420","-0,0016"
09/08/1999,"1,8600","1,8380","1,8600","1,8380","0,0092"
10/08/1999,"1,8640","1,8700","1,8810","1,8630","0,0022"
11/08/1999,"1,8550","1,8600","1,8710","1,8550","-0,0048"
12/08/1999,"1,8690","1,8500","1,8690","1,8440","0,0075"
13/08/1999,"1,8740","1,8700","1,8850","1,8640","0,0027"
16/08/1999,"1,8810","1,8650","1,8850","1,8630","0,0037"
17/08/1999,"1,8770","1,8810","1,8870","1,8660","-0,0021"
18/08/1999,"1,9040","1,8760","1,9040","1,8760","0,0144"
19/08/1999,"1,9350","1,9130","1,9350","1,9040","0,0163"
20/08/1999,"1,8850","1,9350","1,9900","1,8850","-0,0258"
23/08/1999,"1,8700","1,8850","1,8850","1,8590","-0,0080"
24/08/1999,"1,9140","1,8700","1,9140","1,8700","0,0235"
25/08/1999,"1,9030","1,9140","1,9470","1,8900","-0,0057"
26/08/1999,"1,9160","1,9030","1,9180","1,8970","0,0068"
27/08/1999,"1,9370","1,9160","1,9400","1,9100","0,0110"
30/08/1999,"1,9260","1,9300","1,9640","1,9250","-0,0057"
31/08/1999,"1,9170","1,9260","1,9260","1,9100","-0,0047"
01/09/1999,"1,9310","1,9170","1,9310","1,9100","0,0073"
02/09/1999,"1,9140","1,9310","1,9340","1,9140","-0,0088"
03/09/1999,"1,9120","1,9140","1,9140","1,8970","-0,0010"
06/09/1999,"1,9030","1,9120","1,9120","1,9000","-0,0047"
07/09/1999,"1,9060","1,9030","1,9060","1,9030","0,0016"
08/09/1999,"1,8850","1,8960","1,9050","1,8800","-0,0110"
09/09/1999,"1,8720","1,8850","1,8850","1,8680","-0,0069"
10/09/1999,"1,8740","1,8720","1,8760","1,8550","0,0011"
13/09/1999,"1,8890","1,8740","1,8940","1,8680","0,0080"
14/09/1999,"1,8780","1,8890","1,9010","1,8760","-0,0058"
15/09/1999,"1,8780","1,8780","1,8830","1,8670","0,0000"
16/09/1999,"1,8810","1,8770","1,8830","1,8760","0,0016"
17/09/1999,"1,8760","1,8810","1,8900","1,8760","-0,0027"
20/09/1999,"1,8710","1,8760","1,8780","1,8680","-0,0027"
21/09/1999,"1,8860","1,8710","1,8860","1,8710","0,0080"
22/09/1999,"1,8880","1,8860","1,8970","1,8820","0,0011"
23/09/1999,"1,9040","1,8880","1,9040","1,8840","0,0085"
24/09/1999,"1,9080","1,9040","1,9160","1,9040","0,0021"
27/09/1999,"1,9230","1,9080","1,9270","1,9040","0,0079"
28/09/1999,"1,9290","1,9230","1,9430","1,9200","0,0031"
29/09/1999,"1,9210","1,9290","1,9290","1,9130","-0,0041"
30/09/1999,"1,9360","1,9210","1,9480","1,9160","0,0078"
01/10/1999,"1,9360","1,9360","1,9650","1,9350","0,0000"
04/10/1999,"1,9400","1,9360","1,9430","1,9300","0,0021"
05/10/1999,"1,9510","1,9450","1,9550","1,9450","0,0057"
06/10/1999,"1,9510","1,9510","1,9610","1,9400","0,0000"
07/10/1999,"1,9330","1,9510","1,9510","1,9230","-0,0092"
08/10/1999,"1,9530","1,9330","1,9560","1,9300","0,0103"
11/10/1999,"1,9470","1,9550","1,9600","1,9460","-0,0031"
12/10/1999,"1,9470","1,9470","1,9470","1,9470","0,0000"
13/10/1999,"1,9580","1,9580","1,9620","1,9530","0,0056"
14/10/1999,"1,9650","1,9580","1,9670","1,9520","0,0036"
15/10/1999,"1,9760","1,9650","1,9850","1,9650","0,0056"
18/10/1999,"1,9960","1,9760","1,9960","1,9700","0,0101"
19/10/1999,"2,0010","1,9960","2,0020","1,9850","0,0025"
20/10/1999,"1,9890","2,0010","2,0080","1,9870","-0,0060"
21/10/1999,"1,9920","1,9890","1,9980","1,9850","0,0015"
22/10/1999,"1,9720","1,9860","1,9890","1,9700","-0,0100"
25/10/1999,"1,9820","1,9720","1,9850","1,9680","0,0051"
26/10/1999,"1,9950","1,9820","1,9950","1,9810","0,0066"
27/10/1999,"1,9870","1,9950","2,0020","1,9820","-0,0040"
28/10/1999,"1,9720","1,9870","1,9870","1,9690","-0,0075"
29/10/1999,"1,9470","1,9720","1,9720","1,9450","-0,0127"
01/11/1999,"1,9410","1,9470","1,9500","1,9400","-0,0031"
02/11/1999,"1,9410","1,9410","1,9410","1,9410","0,0000"
03/11/1999,"1,9410","1,9440","1,9440","1,9340","0,0000"
04/11/1999,"1,9190","1,9410","1,9410","1,9100","-0,0113"
05/11/1999,"1,9210","1,9190","1,9230","1,9090","0,0010"
08/11/1999,"1,9250","1,9210","1,9300","1,9200","0,0021"
09/11/1999,"1,9350","1,9210","1,9350","1,9180","0,0052"
10/11/1999,"1,9270","1,9350","1,9430","1,9270","-0,0041"
11/11/1999,"1,9300","1,9270","1,9310","1,9210","0,0016"
12/11/1999,"1,9330","1,9300","1,9350","1,9270","0,0016"
15/11/1999,"1,9330","1,9330","1,9330","1,9330","0,0000"
16/11/1999,"1,9310","1,9290","1,9330","1,9290","-0,0010"
17/11/1999,"1,9290","1,9310","1,9370","1,9270","-0,0010"
18/11/1999,"1,9290","1,9290","1,9290","1,9250","0,0000"
19/11/1999,"1,9310","1,9290","1,9320","1,9280","0,0010"
22/11/1999,"1,9320","1,9310","1,9330","1,9300","0,0005"
23/11/1999,"1,9310","1,9320","1,9320","1,9310","-0,0005"
24/11/1999,"1,9300","1,9310","1,9310","1,9260","-0,0005"
25/11/1999,"1,9260","1,9300","1,9300","1,9260","-0,0021"
26/11/1999,"1,9230","1,9260","1,9280","1,9210","-0,0016"
29/11/1999,"1,9200","1,9230","1,9240","1,9170","-0,0016"
30/11/1999,"1,9220","1,9200","1,9230","1,9200","0,0010"
01/12/1999,"1,9100","1,9220","1,9220","1,9100","-0,0062"
02/12/1999,"1,8830","1,9100","1,9100","1,8810","-0,0141"
03/12/1999,"1,8770","1,8830","1,8830","1,8700","-0,0032"
06/12/1999,"1,8660","1,8770","1,8770","1,8620","-0,0059"
07/12/1999,"1,8590","1,8660","1,8660","1,8570","-0,0038"
08/12/1999,"1,8640","1,8590","1,8640","1,8590","0,0027"
09/12/1999,"1,8690","1,8640","1,8690","1,8640","0,0027"
10/12/1999,"1,8620","1,8690","1,8700","1,8610","-0,0037"
13/12/1999,"1,8500","1,8620","1,8620","1,8480","-0,0064"
14/12/1999,"1,8520","1,8500","1,8520","1,8420","0,0011"
15/12/1999,"1,8470","1,8520","1,8520","1,8470","-0,0027"
16/12/1999,"1,8360","1,8490","1,8490","1,8350","-0,0060"
17/12/1999,"1,8060","1,8360","1,8360","1,7970","-0,0163"
20/12/1999,"1,8100","1,8000","1,8100","1,7940","0,0022"
21/12/1999,"1,8250","1,8100","1,8290","1,8100","0,0083"
22/12/1999,"1,8200","1,8250","1,8250","1,8120","-0,0027"
23/12/1999,"1,8300","1,8200","1,8320","1,8200","0,0055"
24/12/1999,"1,8300","1,8300","1,8320","1,8300","0,0000"
27/12/1999,"1,8290","1,8240","1,8320","1,8210","-0,0005"
28/12/1999,"1,8280","1,8290","1,8310","1,8270","-0,0005"
29/12/1999,"1,8080","1,8280","1,8280","1,8060","-0,0109"
30/12/1999,"1,8040","1,8080","1,8080","1,7780","-0,0022"
31/12/1999,"1,8040","1,8040","1,8040","1,8040","0,0000"
03/01/2000,"1,8190","1,8000","1,8190","1,7930","0,0083"
04/01/2000,"1,8480","1,8190","1,8550","1,8190","0,0159"
05/01/2000,"1,8370","1,8480","1,8690","1,8350","-0,0060"
06/01/2000,"1,8400","1,8370","1,8520","1,8340","0,0016"
07/01/2000,"1,8260","1,8340","1,8340","1,8150","-0,0076"
10/01/2000,"1,8130","1,8260","1,8400","1,8130","-0,0071"
11/01/2000,"1,8210","1,8130","1,8230","1,8130","0,0044"
12/01/2000,"1,8280","1,8210","1,8350","1,8210","0,0038"
13/01/2000,"1,8110","1,8280","1,8280","1,8100","-0,0093"
14/01/2000,"1,8030","1,7950","1,8070","1,7940","-0,0044"
17/01/2000,"1,7920","1,8030","1,8030","1,7920","-0,0061"
18/01/2000,"1,7920","1,7920","1,7940","1,7840","0,0000"
19/01/2000,"1,7900","1,7920","1,8020","1,7890","-0,0011"
20/01/2000,"1,7820","1,7850","1,7870","1,7720","-0,0045"
21/01/2000,"1,7720","1,7820","1,7820","1,7690","-0,0056"
24/01/2000,"1,7710","1,7680","1,7720","1,7600","-0,0006"
25/01/2000,"1,7760","1,7710","1,7800","1,7700","0,0028"
26/01/2000,"1,7770","1,7760","1,7990","1,7660","0,0006"
27/01/2000,"1,7780","1,7770","1,7800","1,7700","0,0006"
28/01/2000,"1,7930","1,7780","1,7990","1,7770","0,0084"
31/01/2000,"1,7830","1,8090","1,8130","1,7800","-0,0056"
01/02/2000,"1,7880","1,7830","1,7980","1,7790","0,0028"
02/02/2000,"1,7840","1,7880","1,7930","1,7830","-0,0022"
03/02/2000,"1,7830","1,7840","1,7850","1,7700","-0,0006"
04/02/2000,"1,7670","1,7830","1,7830","1,7660","-0,0090"
07/02/2000,"1,7680","1,7570","1,7710","1,7550","0,0006"
08/02/2000,"1,7640","1,7680","1,7680","1,7610","-0,0023"
09/02/2000,"1,7670","1,7640","1,7690","1,7590","0,0017"
10/02/2000,"1,7650","1,7670","1,7750","1,7630","-0,0011"
11/02/2000,"1,7720","1,7650","1,7720","1,7620","0,0040"
14/02/2000,"1,7720","1,7750","1,7750","1,7670","0,0000"
15/02/2000,"1,7760","1,7710","1,7810","1,7710","0,0023"
16/02/2000,"1,7730","1,7730","1,7750","1,7680","-0,0017"
17/02/2000,"1,7720","1,7730","1,7770","1,7700","-0,0006"
18/02/2000,"1,7770","1,7720","1,7790","1,7670","0,0028"
21/02/2000,"1,7770","1,7750","1,7830","1,7750","0,0000"
22/02/2000,"1,7850","1,7770","1,7870","1,7740","0,0045"
23/02/2000,"1,7830","1,7850","1,7910","1,7820","-0,0011"
24/02/2000,"1,7760","1,7830","1,7830","1,7750","-0,0039"
25/02/2000,"1,7730","1,7760","1,7760","1,7680","-0,0017"
28/02/2000,"1,7760","1,7750","1,7790","1,7750","0,0017"
29/02/2000,"1,7670","1,7760","1,7760","1,7660","-0,0051"
01/03/2000,"1,7610","1,7670","1,7690","1,7610","-0,0034"
02/03/2000,"1,7560","1,7610","1,7610","1,7560","-0,0028"
03/03/2000,"1,7440","1,7560","1,7560","1,7420","-0,0068"
06/03/2000,"1,7440","1,7440","1,7440","1,7440","0,0000"
07/03/2000,"1,7440","1,7440","1,7440","1,7440","0,0000"
08/03/2000,"1,7400","1,7550","1,7550","1,7400","-0,0023"
09/03/2000,"1,7420","1,7400","1,7420","1,7320","0,0011"
10/03/2000,"1,7430","1,7420","1,7450","1,7340","0,0006"
13/03/2000,"1,7440","1,7480","1,7560","1,7430","0,0006"
14/03/2000,"1,7380","1,7440","1,7440","1,7330","-0,0034"
15/03/2000,"1,7390","1,7390","1,7450","1,7330","0,0006"
16/03/2000,"1,7380","1,7390","1,7390","1,7310","-0,0006"
17/03/2000,"1,7380","1,7380","1,7420","1,7350","0,0000"
20/03/2000,"1,7370","1,7400","1,7400","1,7350","-0,0006"
21/03/2000,"1,7330","1,7370","1,7390","1,7330","-0,0023"
22/03/2000,"1,7280","1,7330","1,7330","1,7260","-0,0029"
23/03/2000,"1,7190","1,7280","1,7280","1,7170","-0,0052"
24/03/2000,"1,7320","1,7190","1,7330","1,7080","0,0076"
27/03/2000,"1,7480","1,7300","1,7480","1,7300","0,0092"
28/03/2000,"1,7410","1,7460","1,7490","1,7400","-0,0040"
29/03/2000,"1,7440","1,7360","1,7440","1,7350","0,0017"
30/03/2000,"1,7450","1,7520","1,7560","1,7450","0,0006"
31/03/2000,"1,7390","1,7490","1,7500","1,7330","-0,0034"
03/04/2000,"1,7410","1,7350","1,7440","1,7350","0,0012"
04/04/2000,"1,7450","1,7390","1,7550","1,7360","0,0023"
05/04/2000,"1,7480","1,7500","1,7580","1,7420","0,0017"
06/04/2000,"1,7450","1,7480","1,7480","1,7380","-0,0017"
07/04/2000,"1,7400","1,7450","1,7460","1,7390","-0,0029"
10/04/2000,"1,7420","1,7350","1,7420","1,7350","0,0011"
11/04/2000,"1,7420","1,7430","1,7510","1,7410","0,0000"
12/04/2000,"1,7540","1,7440","1,7560","1,7440","0,0069"
13/04/2000,"1,7800","1,7530","1,7850","1,7520","0,0148"
14/04/2000,"1,7850","1,7880","1,7940","1,7720","0,0028"
17/04/2000,"1,7750","1,7850","1,7990","1,7750","-0,0056"
18/04/2000,"1,7600","1,7800","1,7800","1,7560","-0,0085"
19/04/2000,"1,7750","1,7660","1,7760","1,7600","0,0085"
20/04/2000,"1,7760","1,7750","1,7830","1,7700","0,0006"
21/04/2000,"1,7760","1,7760","1,7760","1,7760","0,0000"
24/04/2000,"1,7920","1,7820","1,7940","1,7820","0,0090"
25/04/2000,"1,7880","1,7920","1,7920","1,7840","-0,0022"
26/04/2000,"1,8010","1,7880","1,8030","1,7810","0,0073"
27/04/2000,"1,8040","1,8010","1,8160","1,8010","0,0017"
28/04/2000,"1,8040","1,8040","1,8080","1,8000","0,0000"
01/05/2000,"1,8040","1,8040","1,8040","1,8040","0,0000"
02/05/2000,"1,8020","1,7980","1,8030","1,7950","-0,0011"
03/05/2000,"1,8150","1,8020","1,8200","1,8020","0,0072"
04/05/2000,"1,8100","1,8150","1,8170","1,8080","-0,0028"
05/05/2000,"1,7990","1,8100","1,8200","1,7990","-0,0061"
08/05/2000,"1,8060","1,8030","1,8080","1,8020","0,0039"
09/05/2000,"1,8100","1,8060","1,8100","1,8030","0,0022"
10/05/2000,"1,8190","1,8100","1,8190","1,8100","0,0050"
11/05/2000,"1,8250","1,8190","1,8250","1,8130","0,0033"
12/05/2000,"1,8360","1,8250","1,8370","1,8220","0,0060"
15/05/2000,"1,8230","1,8350","1,8450","1,8220","-0,0071"
16/05/2000,"1,8170","1,8230","1,8250","1,8150","-0,0033"
17/05/2000,"1,8290","1,8170","1,8320","1,8170","0,0066"
18/05/2000,"1,8340","1,8290","1,8350","1,8250","0,0027"
19/05/2000,"1,8390","1,8340","1,8460","1,8340","0,0027"
22/05/2000,"1,8500","1,8390","1,8590","1,8350","0,0060"
23/05/2000,"1,8540","1,8520","1,8570","1,8460","0,0022"
24/05/2000,"1,8400","1,8540","1,8550","1,8400","-0,0076"
25/05/2000,"1,8460","1,8400","1,8470","1,8340","0,0033"
26/05/2000,"1,8350","1,8460","1,8490","1,8350","-0,0060"
29/05/2000,"1,8360","1,8360","1,8400","1,8330","0,0005"
30/05/2000,"1,8300","1,8360","1,8360","1,8280","-0,0033"
31/05/2000,"1,8230","1,8300","1,8300","1,8200","-0,0038"
01/06/2000,"1,8190","1,8230","1,8240","1,8140","-0,0022"
02/06/2000,"1,8000","1,8190","1,8190","1,8000","-0,0104"
05/06/2000,"1,7900","1,7960","1,7980","1,7890","-0,0056"
06/06/2000,"1,8020","1,7900","1,8020","1,7830","0,0067"
07/06/2000,"1,7940","1,8020","1,8060","1,7940","-0,0044"
08/06/2000,"1,8020","1,7940","1,8030","1,7850","0,0045"
09/06/2000,"1,8010","1,8020","1,8060","1,7960","-0,0006"
12/06/2000,"1,8050","1,7950","1,8060","1,7950","0,0022"
13/06/2000,"1,8110","1,8050","1,8130","1,8050","0,0033"
14/06/2000,"1,8090","1,8110","1,8130","1,8040","-0,0011"
15/06/2000,"1,8100","1,8090","1,8110","1,8050","0,0006"
16/06/2000,"1,8020","1,8070","1,8100","1,8010","-0,0044"
19/06/2000,"1,8020","1,8020","1,8040","1,8000","0,0000"
20/06/2000,"1,8000","1,8000","1,8030","1,7960","-0,0011"
21/06/2000,"1,8100","1,8000","1,8130","1,8000","0,0056"
22/06/2000,"1,8110","1,8100","1,8110","1,8100","0,0006"
23/06/2000,"1,8250","1,8110","1,8260","1,8110","0,0077"
26/06/2000,"1,8210","1,8240","1,8290","1,8210","-0,0022"
27/06/2000,"1,8220","1,8210","1,8270","1,8190","0,0005"
28/06/2000,"1,8190","1,8220","1,8220","1,8160","-0,0016"
29/06/2000,"1,8120","1,8190","1,8230","1,8080","-0,0038"
30/06/2000,"1,8060","1,8120","1,8120","1,7950","-0,0033"
03/07/2000,"1,8130","1,8020","1,8150","1,8000","0,0039"
04/07/2000,"1,8080","1,8130","1,8180","1,8060","-0,0028"
05/07/2000,"1,8020","1,8080","1,8090","1,8010","-0,0033"
06/07/2000,"1,8000","1,8020","1,8020","1,7930","-0,0011"
07/07/2000,"1,7990","1,8000","1,8010","1,7930","-0,0006"
10/07/2000,"1,7930","1,8050","1,8050","1,7920","-0,0033"
11/07/2000,"1,8020","1,7930","1,8030","1,7920","0,0050"
12/07/2000,"1,8020","1,8020","1,8080","1,7980","0,0000"
13/07/2000,"1,8100","1,8020","1,8270","1,7920","0,0044"
14/07/2000,"1,7920","1,8100","1,8130","1,7920","-0,0099"
17/07/2000,"1,7980","1,8010","1,8040","1,7900","0,0033"
18/07/2000,"1,7960","1,7950","1,8020","1,7940","-0,0011"
19/07/2000,"1,8020","1,8020","1,8070","1,8000","0,0033"
20/07/2000,"1,7950","1,8050","1,8050","1,7950","-0,0039"
21/07/2000,"1,7960","1,7950","1,7960","1,7860","0,0006"
24/07/2000,"1,7900","1,7940","1,7960","1,7890","-0,0033"
25/07/2000,"1,7910","1,7900","1,7930","1,7850","0,0006"
26/07/2000,"1,7860","1,7910","1,7930","1,7860","-0,0028"
27/07/2000,"1,7790","1,7860","1,7900","1,7760","-0,0039"
28/07/2000,"1,7840","1,7800","1,7930","1,7700","0,0028"
31/07/2000,"1,7830","1,7800","1,7850","1,7680","-0,0006"
01/08/2000,"1,7880","1,7740","1,7900","1,7740","0,0028"
02/08/2000,"1,7950","1,7880","1,7960","1,7790","0,0039"
03/08/2000,"1,7930","1,7920","1,8100","1,7790","-0,0011"
04/08/2000,"1,7910","1,7930","1,7940","1,7870","-0,0011"
07/08/2000,"1,7970","1,7910","1,7970","1,7910","0,0034"
08/08/2000,"1,7930","1,7970","1,8000","1,7920","-0,0022"
09/08/2000,"1,7960","1,7930","1,7970","1,7920","0,0017"
10/08/2000,"1,7950","1,7960","1,7970","1,7920","-0,0006"
11/08/2000,"1,8010","1,7950","1,8010","1,7910","0,0033"
14/08/2000,"1,8030","1,8000","1,8050","1,7940","0,0011"
15/08/2000,"1,8030","1,8030","1,8070","1,7990","0,0000"
16/08/2000,"1,8100","1,8030","1,8130","1,8030","0,0039"
17/08/2000,"1,8080","1,8100","1,8140","1,8030","-0,0011"
18/08/2000,"1,8160","1,8080","1,8180","1,8080","0,0044"
21/08/2000,"1,8220","1,8160","1,8220","1,8130","0,0033"
22/08/2000,"1,8170","1,8220","1,8220","1,8130","-0,0027"
23/08/2000,"1,8210","1,8170","1,8220","1,8140","0,0022"
24/08/2000,"1,8190","1,8210","1,8220","1,8170","-0,0011"
25/08/2000,"1,8220","1,8190","1,8230","1,8180","0,0016"
28/08/2000,"1,8310","1,8210","1,8310","1,8210","0,0049"
29/08/2000,"1,8260","1,8310","1,8370","1,8260","-0,0027"
30/08/2000,"1,8220","1,8260","1,8300","1,8190","-0,0022"
31/08/2000,"1,8230","1,8220","1,8260","1,8170","0,0005"
01/09/2000,"1,8230","1,8230","1,8240","1,8190","0,0000"
04/09/2000,"1,8250","1,8230","1,8270","1,8220","0,0011"
05/09/2000,"1,8200","1,8250","1,8290","1,8200","-0,0027"
06/09/2000,"1,8190","1,8210","1,8220","1,8160","-0,0005"
07/09/2000,"1,8190","1,8210","1,8250","1,8190","0,0000"
08/09/2000,"1,8150","1,8190","1,8230","1,8150","-0,0022"
11/09/2000,"1,8200","1,8150","1,8220","1,8140","0,0028"
12/09/2000,"1,8280","1,8180","1,8290","1,8180","0,0044"
13/09/2000,"1,8300","1,8280","1,8330","1,8270","0,0011"
14/09/2000,"1,8370","1,8300","1,8380","1,8270","0,0038"
15/09/2000,"1,8430","1,8370","1,8480","1,8370","0,0033"
18/09/2000,"1,8570","1,8430","1,8610","1,8430","0,0076"
19/09/2000,"1,8490","1,8570","1,8570","1,8480","-0,0043"
20/09/2000,"1,8540","1,8490","1,8620","1,8490","0,0027"
21/09/2000,"1,8550","1,8540","1,8590","1,8480","0,0005"
22/09/2000,"1,8430","1,8550","1,8640","1,8430","-0,0065"
25/09/2000,"1,8450","1,8430","1,8480","1,8370","0,0011"
26/09/2000,"1,8500","1,8480","1,8540","1,8440","0,0027"
27/09/2000,"1,8490","1,8500","1,8510","1,8440","-0,0005"
28/09/2000,"1,8430","1,8480","1,8490","1,8410","-0,0032"
29/09/2000,"1,8430","1,8430","1,8450","1,8400","0,0000"
02/10/2000,"1,8510","1,8420","1,8510","1,8400","0,0043"
03/10/2000,"1,8530","1,8510","1,8550","1,8440","0,0011"
04/10/2000,"1,8520","1,8530","1,8540","1,8450","-0,0005"
05/10/2000,"1,8460","1,8520","1,8520","1,8460","-0,0032"
06/10/2000,"1,8540","1,8470","1,8570","1,8450","0,0043"
09/10/2000,"1,8530","1,8540","1,8600","1,8510","-0,0005"
10/10/2000,"1,8580","1,8530","1,8580","1,8470","0,0027"
11/10/2000,"1,8610","1,8560","1,8620","1,8550","0,0016"
12/10/2000,"1,8590","1,8610","1,8610","1,8590","-0,0011"
13/10/2000,"1,8680","1,8680","1,8820","1,8640","0,0048"
16/10/2000,"1,8650","1,8680","1,8740","1,8640","-0,0016"
17/10/2000,"1,8700","1,8650","1,8720","1,8610","0,0027"
18/10/2000,"1,8730","1,8700","1,8830","1,8700","0,0016"
19/10/2000,"1,8760","1,8710","1,8770","1,8670","0,0016"
20/10/2000,"1,8840","1,8760","1,8870","1,8750","0,0043"
23/10/2000,"1,9000","1,8860","1,9000","1,8840","0,0085"
24/10/2000,"1,9080","1,9000","1,9110","1,8910","0,0042"
25/10/2000,"1,9280","1,9110","1,9350","1,9080","0,0105"
26/10/2000,"1,9360","1,9300","1,9450","1,9240","0,0041"
27/10/2000,"1,9150","1,9350","1,9360","1,9100","-0,0108"
30/10/2000,"1,9140","1,9140","1,9200","1,9090","-0,0005"
31/10/2000,"1,8990","1,9110","1,9120","1,8980","-0,0078"
01/11/2000,"1,9200","1,8990","1,9240","1,8970","0,0111"
02/11/2000,"1,9170","1,9200","1,9200","1,9170","-0,0016"
03/11/2000,"1,9410","1,9160","1,9480","1,9110","0,0125"
06/11/2000,"1,9380","1,9380","1,9520","1,9340","-0,0015"
07/11/2000,"1,9530","1,9380","1,9670","1,9380","0,0077"
08/11/2000,"1,9680","1,9520","1,9740","1,9410","0,0077"
09/11/2000,"1,9680","1,9680","1,9800","1,9590","0,0000"
10/11/2000,"1,9510","1,9680","1,9680","1,9400","-0,0086"
13/11/2000,"1,9490","1,9500","1,9600","1,9490","-0,0010"
14/11/2000,"1,9510","1,9490","1,9520","1,9380","0,0010"
15/11/2000,"1,9430","1,9470","1,9470","1,9430","-0,0041"
16/11/2000,"1,9500","1,9460","1,9510","1,9440","0,0036"
17/11/2000,"1,9660","1,9500","1,9710","1,9500","0,0082"
20/11/2000,"1,9160","1,9680","1,9700","1,9130","-0,0254"
21/11/2000,"1,9190","1,9140","1,9320","1,8920","0,0016"
22/11/2000,"1,9300","1,9190","1,9370","1,9190","0,0057"
23/11/2000,"1,9520","1,9300","1,9520","1,9300","0,0114"
24/11/2000,"1,9580","1,9520","1,9600","1,9490","0,0031"
27/11/2000,"1,9690","1,9560","1,9710","1,9510","0,0056"
28/11/2000,"1,9660","1,9690","1,9820","1,9650","-0,0015"
29/11/2000,"1,9560","1,9660","1,9690","1,9520","-0,0051"
30/11/2000,"1,9790","1,9570","1,9840","1,9510","0,0118"
01/12/2000,"1,9710","1,9790","1,9890","1,9700","-0,0040"
04/12/2000,"1,9780","1,9740","1,9870","1,9740","0,0036"
05/12/2000,"1,9560","1,9780","1,9780","1,9540","-0,0111"
06/12/2000,"1,9740","1,9560","1,9750","1,9560","0,0092"
07/12/2000,"1,9730","1,9740","1,9770","1,9640","-0,0005"
08/12/2000,"1,9670","1,9730","1,9730","1,9630","-0,0030"
11/12/2000,"1,9660","1,9590","1,9690","1,9590","-0,0005"
12/12/2000,"1,9660","1,9660","1,9720","1,9650","0,0000"
13/12/2000,"1,9540","1,9660","1,9670","1,9500","-0,0061"
14/12/2000,"1,9630","1,9640","1,9670","1,9600","0,0046"
15/12/2000,"1,9650","1,9630","1,9710","1,9600","0,0010"
18/12/2000,"1,9540","1,9530","1,9600","1,9490","-0,0056"
19/12/2000,"1,9540","1,9570","1,9590","1,9490","0,0000"
20/12/2000,"1,9590","1,9530","1,9600","1,9530","0,0026"
21/12/2000,"1,9530","1,9580","1,9630","1,9500","-0,0031"
22/12/2000,"1,9580","1,9530","1,9620","1,9480","0,0026"
25/12/2000,"1,9580","1,9580","1,9580","1,9580","0,0000"
26/12/2000,"1,9590","1,9580","1,9610","1,9540","0,0005"
27/12/2000,"1,9580","1,9600","1,9670","1,9560","-0,0005"
28/12/2000,"1,9490","1,9580","1,9600","1,9480","-0,0046"
29/12/2000,"1,9490","1,9490","1,9490","1,9490","0,0000"
02/01/2001,"1,9420","1,9498","1,9498","1,9340","-0,0036"
03/01/2001,"1,9290","1,9410","1,9465","1,9290","-0,0067"
04/01/2001,"1,9414","1,9298","1,9414","1,9290","0,0064"
05/01/2001,"1,9544","1,9410","1,9570","1,9400","0,0067"
08/01/2001,"1,9490","1,9550","1,9575","1,9480","-0,0028"
09/01/2001,"1,9420","1,9485","1,9500","1,9400","-0,0036"
10/01/2001,"1,9420","1,9410","1,9460","1,9385","0,0000"
11/01/2001,"1,9540","1,9425","1,9570","1,9420","0,0062"
12/01/2001,"1,9495","1,9540","1,9620","1,9450","-0,0023"
15/01/2001,"1,9470","1,9490","1,9490","1,9440","-0,0013"
16/01/2001,"1,9510","1,9470","1,9560","1,9470","0,0021"
17/01/2001,"1,9550","1,9510","1,9600","1,9470","0,0021"
18/01/2001,"1,9540","1,9555","1,9638","1,9500","-0,0005"
19/01/2001,"1,9570","1,9540","1,9600","1,9490","0,0015"
22/01/2001,"1,9560","1,9560","1,9600","1,9550","-0,0005"
23/01/2001,"1,9600","1,9560","1,9610","1,9530","0,0020"
24/01/2001,"1,9680","1,9610","1,9700","1,9570","0,0041"
25/01/2001,"1,9730","1,9680","1,9790","1,9680","0,0025"
26/01/2001,"1,9730","1,9740","1,9783","1,9690","0,0000"
29/01/2001,"1,9730","1,9730","1,9770","1,9700","0,0000"
30/01/2001,"1,9640","1,9735","1,9800","1,9630","-0,0046"
31/01/2001,"1,9700","1,9645","1,9760","1,9640","0,0031"
01/02/2001,"1,9890","1,9700","1,9900","1,9700","0,0096"
02/02/2001,"1,9890","1,9880","1,9960","1,9840","0,0000"
05/02/2001,"1,9990","1,9910","2,0050","1,9880","0,0050"
06/02/2001,"2,0020","1,9990","2,0050","1,9940","0,0015"
07/02/2001,"2,0020","2,0020","2,0060","1,9980","0,0000"
08/02/2001,"1,9910","2,0020","2,0090","1,9890","-0,0055"
09/02/2001,"1,9830","1,9890","1,9940","1,9770","-0,0040"
12/02/2001,"1,9820","1,9820","1,9830","1,9770","-0,0005"
13/02/2001,"1,9850","1,9820","1,9870","1,9750","0,0015"
14/02/2001,"1,9850","1,9840","1,9930","1,9750","0,0000"
15/02/2001,"1,9880","1,9850","1,9890","1,9770","0,0015"
16/02/2001,"2,0030","1,9870","2,0070","1,9870","0,0075"
19/02/2001,"2,0015","1,9930","2,0050","1,9930","-0,0007"
20/02/2001,"2,0080","2,0030","2,0110","1,9940","0,0032"
21/02/2001,"2,0460","2,0080","2,0470","2,0050","0,0189"
22/02/2001,"2,0420","2,0430","2,0480","2,0260","-0,0020"
23/02/2001,"2,0370","2,0420","2,0500","2,0330","-0,0024"
26/02/2001,"2,0310","2,0350","2,0350","2,0260","-0,0029"
27/02/2001,"2,0340","2,0315","2,0350","2,0300","0,0015"
28/02/2001,"2,0455","2,0340","2,0460","2,0320","0,0057"
01/03/2001,"2,0400","2,0460","2,0480","2,0370","-0,0027"
02/03/2001,"2,0255","2,0330","2,0440","2,0220","-0,0071"
05/03/2001,"2,0210","2,0305","2,0320","2,0170","-0,0022"
06/03/2001,"2,0330","2,0190","2,0390","2,0140","0,0059"
07/03/2001,"2,0400","2,0380","2,0490","2,0320","0,0034"
08/03/2001,"2,0520","2,0390","2,0600","2,0290","0,0059"
09/03/2001,"2,0440","2,0500","2,0660","2,0420","-0,0039"
12/03/2001,"2,0650","2,0450","2,0670","2,0450","0,0103"
13/03/2001,"2,0610","2,0670","2,0705","2,0520","-0,0019"
14/03/2001,"2,0780","2,0600","2,0840","2,0600","0,0082"
15/03/2001,"2,1020","2,0760","2,1050","2,0720","0,0115"
16/03/2001,"2,1260","2,0940","2,1410","2,0940","0,0114"
19/03/2001,"2,1140","2,1230","2,1760","2,1020","-0,0056"
20/03/2001,"2,0820","2,1140","2,1230","2,0770","-0,0151"
21/03/2001,"2,1210","2,0830","2,1300","2,0820","0,0187"
22/03/2001,"2,1620","2,1160","2,1630","2,1160","0,0193"
23/03/2001,"2,1710","2,1600","2,1770","2,1480","0,0042"
26/03/2001,"2,1330","2,1480","2,1530","2,1250","-0,0175"
27/03/2001,"2,1200","2,1320","2,1320","2,1080","-0,0061"
28/03/2001,"2,1260","2,1180","2,1270","2,1070","0,0028"
29/03/2001,"2,1520","2,1240","2,1540","2,1230","0,0122"
30/03/2001,"2,1520","2,1510","2,1720","2,1470","0,0000"
02/04/2001,"2,1660","2,1510","2,1700","2,1490","0,0065"
03/04/2001,"2,1760","2,1640","2,1800","2,1640","0,0046"
04/04/2001,"2,1730","2,1790","2,1790","2,1580","-0,0014"
05/04/2001,"2,1530","2,1720","2,1720","2,1460","-0,0092"
06/04/2001,"2,1650","2,1510","2,1690","2,1440","0,0056"
09/04/2001,"2,1560","2,1630","2,1700","2,1530","-0,0042"
10/04/2001,"2,1370","2,1560","2,1560","2,1320","-0,0088"
11/04/2001,"2,1530","2,1350","2,1600","2,1310","0,0075"
12/04/2001,"2,1530","2,1520","2,1710","2,1490","0,0000"
13/04/2001,"2,1530","2,1530","2,1530","2,1530","0,0000"
16/04/2001,"2,1940","2,1570","2,1950","2,1570","0,0190"
17/04/2001,"2,1960","2,1920","2,2000","2,1820","0,0009"
18/04/2001,"2,1800","2,1950","2,1950","2,1650","-0,0073"
19/04/2001,"2,2000","2,1790","2,2170","2,1750","0,0092"
20/04/2001,"2,2340","2,1860","2,2710","2,1860","0,0155"
23/04/2001,"2,2580","2,2335","2,2780","2,2265","0,0107"
24/04/2001,"2,2690","2,2550","2,2690","2,2460","0,0049"
25/04/2001,"2,2870","2,2730","2,3100","2,2725","0,0079"
26/04/2001,"2,2410","2,2860","2,2865","2,2370","-0,0201"
27/04/2001,"2,2010","2,2415","2,2480","2,1970","-0,0178"
30/04/2001,"2,2000","2,2000","2,2040","2,1740","-0,0005"
01/05/2001,"2,2000","2,1990","2,2000","2,1990","0,0000"
02/05/2001,"2,2390","2,2140","2,2390","2,2110","0,0177"
03/05/2001,"2,2110","2,2410","2,2500","2,2050","-0,0125"
04/05/2001,"2,2120","2,2100","2,2300","2,1990","0,0005"
07/05/2001,"2,2140","2,2095","2,2180","2,1910","0,0009"
08/05/2001,"2,2430","2,2140","2,2490","2,2120","0,0131"
09/05/2001,"2,2620","2,2420","2,2660","2,2390","0,0085"
10/05/2001,"2,2610","2,2580","2,2800","2,2520","-0,0004"
11/05/2001,"2,2820","2,2610","2,2960","2,2510","0,0093"
14/05/2001,"2,3130","2,2810","2,3180","2,2790","0,0136"
15/05/2001,"2,3370","2,3120","2,3430","2,3120","0,0104"
16/05/2001,"2,3090","2,3360","2,3380","2,3080","-0,0120"
17/05/2001,"2,2970","2,3095","2,3230","2,2950","-0,0052"
18/05/2001,"2,3030","2,3030","2,3060","2,2850","0,0026"
21/05/2001,"2,3190","2,3060","2,3340","2,3050","0,0069"
22/05/2001,"2,3240","2,3170","2,3290","2,2940","0,0022"
23/05/2001,"2,3450","2,3290","2,3510","2,3270","0,0090"
24/05/2001,"2,3530","2,3430","2,3700","2,3330","0,0034"
25/05/2001,"2,3180","2,3510","2,3750","2,3110","-0,0149"
28/05/2001,"2,3380","2,3160","2,3400","2,3090","0,0086"
29/05/2001,"2,3460","2,3380","2,3510","2,3300","0,0034"
30/05/2001,"2,3440","2,3440","2,3640","2,3380","-0,0009"
31/05/2001,"2,3800","2,3400","2,3850","2,3380","0,0154"
01/06/2001,"2,3800","2,3790","2,3930","2,3700","0,0000"
04/06/2001,"2,3840","2,3750","2,3860","2,3530","0,0017"
05/06/2001,"2,3880","2,3830","2,3920","2,3770","0,0017"
06/06/2001,"2,3860","2,3760","2,3920","2,3700","-0,0008"
07/06/2001,"2,3610","2,3850","2,3960","2,3580","-0,0105"
08/06/2001,"2,3580","2,3590","2,3740","2,3520","-0,0013"
11/06/2001,"2,3810","2,3580","2,3820","2,3580","0,0098"
12/06/2001,"2,4030","2,3800","2,4050","2,3800","0,0092"
13/06/2001,"2,4230","2,4080","2,4260","2,3970","0,0083"
14/06/2001,"2,4230","2,4230","2,4230","2,4230","0,0000"
15/06/2001,"2,4170","2,4130","2,4170","2,4000","-0,0025"
18/06/2001,"2,4640","2,4130","2,4760","2,4100","0,0194"
19/06/2001,"2,4780","2,4550","2,4840","2,4520","0,0057"
20/06/2001,"2,4730","2,4780","2,4840","2,4610","-0,0020"
21/06/2001,"2,3680","2,4570","2,4570","2,3680","-0,0425"
22/06/2001,"2,2950","2,3700","2,3710","2,2950","-0,0308"
25/06/2001,"2,2980","2,2800","2,3190","2,2800","0,0013"
26/06/2001,"2,3330","2,2985","2,3350","2,2980","0,0152"
27/06/2001,"2,2760","2,3310","2,3360","2,2660","-0,0244"
28/06/2001,"2,3140","2,3020","2,3140","2,2740","0,0167"
29/06/2001,"2,3100","2,3120","2,3200","2,2970","-0,0017"
02/07/2001,"2,3280","2,3170","2,3360","2,3080","0,0078"
03/07/2001,"2,3490","2,3320","2,3520","2,3300","0,0090"
04/07/2001,"2,4180","2,3470","2,4220","2,3470","0,0294"
05/07/2001,"2,5000","2,4185","2,5000","2,3860","0,0339"
06/07/2001,"2,4290","2,4710","2,5550","2,4200","-0,0284"
09/07/2001,"2,4450","2,4310","2,4680","2,4310","0,0066"
10/07/2001,"2,4980","2,4500","2,5060","2,4420","0,0217"
11/07/2001,"2,4990","2,5370","2,5670","2,4900","0,0004"
12/07/2001,"2,5500","2,5850","2,6020","2,5200","0,0204"
13/07/2001,"2,5560","2,5230","2,6010","2,5230","0,0024"
16/07/2001,"2,5770","2,5940","2,6070","2,5710","0,0082"
17/07/2001,"2,4980","2,5330","2,5500","2,4910","-0,0307"
18/07/2001,"2,5040","2,4470","2,5260","2,4470","0,0024"
19/07/2001,"2,5040","2,5090","2,5310","2,4780","0,0000"
20/07/2001,"2,4470","2,4990","2,4990","2,4400","-0,0228"
23/07/2001,"2,4130","2,4260","2,4290","2,3990","-0,0139"
24/07/2001,"2,4680","2,4680","2,4740","2,4280","0,0228"
25/07/2001,"2,4860","2,5050","2,5080","2,4390","0,0073"
26/07/2001,"2,5140","2,4850","2,5190","2,4650","0,0113"
27/07/2001,"2,4540","2,4770","2,5140","2,4500","-0,0239"
30/07/2001,"2,4250","2,4070","2,4480","2,4020","-0,0118"
31/07/2001,"2,4720","2,4120","2,4790","2,4000","0,0194"
01/08/2001,"2,5000","2,4780","2,5130","2,4760","0,0113"
02/08/2001,"2,4900","2,4710","2,5020","2,4630","-0,0040"
03/08/2001,"2,5010","2,4890","2,5090","2,4550","0,0044"
06/08/2001,"2,4550","2,4700","2,4800","2,4490","-0,0184"
07/08/2001,"2,4840","2,4420","2,4870","2,4370","0,0118"
08/08/2001,"2,4700","2,4670","2,4900","2,4490","-0,0056"
09/08/2001,"2,4750","2,4600","2,4800","2,4550","0,0020"
10/08/2001,"2,4610","2,4760","2,4920","2,4600","-0,0057"
13/08/2001,"2,4990","2,4750","2,5060","2,4680","0,0154"
14/08/2001,"2,5160","2,5140","2,5210","2,5000","0,0068"
15/08/2001,"2,4880","2,5130","2,5140","2,4730","-0,0111"
16/08/2001,"2,5010","2,4870","2,5160","2,4690","0,0052"
17/08/2001,"2,5180","2,5150","2,5360","2,5140","0,0068"
20/08/2001,"2,5170","2,5420","2,5480","2,5070","-0,0004"
21/08/2001,"2,5490","2,5160","2,5630","2,5160","0,0127"
22/08/2001,"2,5210","2,5475","2,5475","2,4990","-0,0110"
23/08/2001,"2,5280","2,5120","2,5410","2,5090","0,0028"
24/08/2001,"2,5450","2,5270","2,5570","2,5270","0,0067"
27/08/2001,"2,5570","2,5500","2,5620","2,5350","0,0047"
28/08/2001,"2,5570","2,5540","2,5670","2,5460","0,0000"
29/08/2001,"2,5440","2,5575","2,5590","2,5173","-0,0051"
30/08/2001,"2,5300","2,5440","2,5820","2,5270","-0,0055"
31/08/2001,"2,5630","2,5350","2,5670","2,5350","0,0130"
03/09/2001,"2,5650","2,5643","2,5710","2,5500","0,0008"
04/09/2001,"2,5540","2,5550","2,5690","2,5470","-0,0043"
05/09/2001,"2,5770","2,5630","2,5850","2,5590","0,0090"
06/09/2001,"2,5820","2,5760","2,5990","2,5500","0,0019"
07/09/2001,"2,5810","2,5810","2,5810","2,5643","-0,0004"
10/09/2001,"2,6040","2,5800","2,6070","2,5643","0,0089"
11/09/2001,"2,6600","2,6020","2,6890","2,6000","0,0215"
12/09/2001,"2,6870","2,6600","2,6900","2,6500","0,0102"
13/09/2001,"2,6570","2,6950","2,7320","2,6530","-0,0112"
14/09/2001,"2,6860","2,6580","2,7240","2,6530","0,0109"
17/09/2001,"2,6660","2,6640","2,6780","2,6600","-0,0074"
18/09/2001,"2,6940","2,6660","2,6960","2,6660","0,0105"
19/09/2001,"2,7100","2,6935","2,7250","2,6930","0,0059"
20/09/2001,"2,7670","2,7220","2,7760","2,7060","0,0210"
21/09/2001,"2,8290","2,7560","2,8390","2,7300","0,0224"
24/09/2001,"2,6830","2,8295","2,8300","2,6830","-0,0516"
25/09/2001,"2,7100","2,6990","2,7420","2,6700","0,0101"
26/09/2001,"2,7370","2,7200","2,7690","2,7010","0,0100"
27/09/2001,"2,6730","2,6950","2,7180","2,6650","-0,0234"
28/09/2001,"2,6690","2,6740","2,6920","2,6630","-0,0015"
01/10/2001,"2,6800","2,6930","2,6940","2,6780","0,0041"
02/10/2001,"2,7070","2,7010","2,7080","2,6970","0,0101"
03/10/2001,"2,7320","2,7045","2,7380","2,7045","0,0092"
04/10/2001,"2,7450","2,7340","2,7550","2,6960","0,0048"
05/10/2001,"2,7720","2,7350","2,7770","2,6780","0,0098"
08/10/2001,"2,7700","2,7940","2,8060","2,7460","-0,0007"
09/10/2001,"2,7800","2,7685","2,7910","2,7580","0,0036"
10/10/2001,"2,7700","2,7880","2,7920","2,7550","-0,0036"
11/10/2001,"2,7800","2,7700","2,8000","2,7700","0,0036"
12/10/2001,"2,7800","2,7800","2,7800","2,7800","0,0000"
15/10/2001,"2,7700","2,7820","2,7860","2,7480","-0,0036"
16/10/2001,"2,7070","2,7470","2,7620","2,7100","-0,0227"
17/10/2001,"2,7210","2,7120","2,7460","2,7000","0,0052"
18/10/2001,"2,7580","2,7420","2,7600","2,7330","0,0136"
19/10/2001,"2,7320","2,7580","2,7760","2,7180","-0,0094"
22/10/2001,"2,7180","2,7760","2,7760","2,6790","-0,0051"
23/10/2001,"2,7290","2,7130","2,7380","2,6970","0,0040"
24/10/2001,"2,7570","2,7310","2,7790","2,7260","0,0103"
25/10/2001,"2,7150","2,7600","2,7750","2,6970","-0,0152"
26/10/2001,"2,7230","2,7140","2,7430","2,7120","0,0029"
29/10/2001,"2,7220","2,7250","2,7550","2,7030","-0,0004"
30/10/2001,"2,7220","2,6940","2,7370","2,6940","0,0000"
31/10/2001,"2,6950","2,7250","2,7270","2,6580","-0,0099"
01/11/2001,"2,6720","2,6720","2,6700","2,6670","-0,0085"
02/11/2001,"2,6710","2,6710","2,6710","2,6710","-0,0004"
05/11/2001,"2,5810","2,6450","2,6500","2,5810","-0,0337"
06/11/2001,"2,6070","2,5920","2,6480","2,5850","0,0101"
07/11/2001,"2,5600","2,6210","2,6490","2,5490","-0,0180"
08/11/2001,"2,5310","2,5710","2,5760","2,5160","-0,0113"
09/11/2001,"2,5370","2,5305","2,5530","2,5190","0,0024"
12/11/2001,"2,5490","2,5360","2,5740","2,5310","0,0047"
13/11/2001,"2,5300","2,5480","2,5480","2,5070","-0,0075"
14/11/2001,"2,5440","2,5290","2,5490","2,5200","0,0055"
15/11/2001,"2,5430","2,5430","2,5430","2,5430","-0,0004"
16/11/2001,"2,5250","2,5460","2,5520","2,5230","-0,0071"
19/11/2001,"2,5180","2,5120","2,5280","2,4970","-0,0028"
20/11/2001,"2,5500","2,5270","2,5560","2,5190","0,0127"
21/11/2001,"2,5430","2,5490","2,5570","2,5260","-0,0027"
22/11/2001,"2,5320","2,5330","2,5450","2,5320","-0,0043"
23/11/2001,"2,5020","2,5310","2,5310","2,4970","-0,0118"
26/11/2001,"2,4530","2,4840","2,5000","2,4500","-0,0196"
27/11/2001,"2,4700","2,4540","2,4830","2,4470","0,0069"
28/11/2001,"2,4810","2,4690","2,4930","2,4690","0,0045"
29/11/2001,"2,5450","2,4840","2,5500","2,4720","0,0258"
30/11/2001,"2,4940","2,5470","2,5620","2,4830","-0,0200"
03/12/2001,"2,4510","2,4930","2,4950","2,4430","-0,0172"
04/12/2001,"2,4360","2,4490","2,4490","2,4140","-0,0061"
05/12/2001,"2,4340","2,4330","2,4510","2,4080","-0,0008"
06/12/2001,"2,4180","2,4260","2,4550","2,4130","-0,0066"
07/12/2001,"2,3880","2,4170","2,4170","2,3840","-0,0124"
10/12/2001,"2,3310","2,3650","2,3750","2,3290","-0,0239"
11/12/2001,"2,3780","2,3300","2,3930","2,3150","0,0202"
12/12/2001,"2,3550","2,3770","2,3790","2,3400","-0,0097"
13/12/2001,"2,3710","2,3540","2,3930","2,3540","0,0068"
14/12/2001,"2,3760","2,3700","2,3940","2,3370","0,0021"
17/12/2001,"2,3540","2,3750","2,3840","2,3420","-0,0093"
18/12/2001,"2,3230","2,3530","2,3790","2,2990","-0,0132"
19/12/2001,"2,3000","2,3220","2,3220","2,2730","-0,0099"
20/12/2001,"2,3340","2,2990","2,3560","2,2990","0,0148"
21/12/2001,"2,3410","2,3330","2,3530","2,3140","0,0030"
24/12/2001,"2,3380","2,3370","2,3425","2,3320","-0,0013"
25/12/2001,"2,3380","2,3380","2,3380","2,3380","0,0000"
26/12/2001,"2,3190","2,3360","2,3570","2,3000","-0,0081"
27/12/2001,"2,3300","2,3180","2,3380","2,3060","0,0047"
28/12/2001,"2,3110","2,3290","2,3320","2,2970","-0,0082"
31/12/2001,"2,3100","2,3100","2,3100","2,3100","-0,0004"
02/01/2002,"2,3010","2,3100","2,3160","2,2790","-0,0039"
03/01/2002,"2,2940","2,3100","2,3100","2,2760","-0,0030"
04/01/2002,"2,3300","2,2930","2,3410","2,2930","0,0157"
07/01/2002,"2,3260","2,3290","2,3600","2,3220","-0,0017"
08/01/2002,"2,3730","2,3250","2,3810","2,3210","0,0202"
09/01/2002,"2,3740","2,3530","2,3920","2,3530","0,0004"
10/01/2002,"2,4220","2,3740","2,4340","2,3730","0,0202"
11/01/2002,"2,3990","2,4210","2,4530","2,3970","-0,0095"
14/01/2002,"2,3940","2,4050","2,4180","2,3880","-0,0021"
15/01/2002,"2,3740","2,3940","2,3940","2,3490","-0,0084"
16/01/2002,"2,3630","2,3730","2,3970","2,3550","-0,0046"
17/01/2002,"2,3810","2,3630","2,3920","2,3520","0,0076"
18/01/2002,"2,3640","2,3760","2,3890","2,3600","-0,0071"
21/01/2002,"2,3690","2,3600","2,3840","2,3600","0,0021"
22/01/2002,"2,3790","2,3680","2,3850","2,3560","0,0042"
23/01/2002,"2,3770","2,3780","2,3940","2,3730","-0,0008"
24/01/2002,"2,3950","2,3780","2,4110","2,3770","0,0076"
25/01/2002,"2,4080","2,3750","2,4110","2,3740","0,0054"
28/01/2002,"2,4270","2,4090","2,4340","2,4040","0,0079"
29/01/2002,"2,4350","2,4260","2,4440","2,4120","0,0033"
30/01/2002,"2,4310","2,4370","2,4690","2,4240","-0,0016"
31/01/2002,"2,4120","2,4300","2,4300","2,4030","-0,0078"
01/02/2002,"2,4090","2,4110","2,4250","2,4090","-0,0012"
04/02/2002,"2,4240","2,4160","2,4300","2,4150","0,0062"
05/02/2002,"2,4190","2,4230","2,4310","2,4120","-0,0021"
06/02/2002,"2,4380","2,4190","2,4400","2,4090","0,0079"
07/02/2002,"2,4610","2,4380","2,4670","2,4370","0,0094"
08/02/2002,"2,4580","2,4330","2,4810","2,4330","-0,0012"
11/02/2002,"2,4550","2,4080","2,4550","2,4080","-0,0012"
12/02/2002,"2,4550","2,4920","2,4920","2,4550","0,0000"
13/02/2002,"2,4090","2,4600","2,4600","2,4070","-0,0187"
14/02/2002,"2,4300","2,4100","2,4320","2,4010","0,0087"
15/02/2002,"2,4260","2,4300","2,4430","2,4230","-0,0016"
18/02/2002,"2,4290","2,4230","2,4360","2,4220","0,0012"
19/02/2002,"2,4230","2,4340","2,4340","2,4120","-0,0025"
20/02/2002,"2,4190","2,4360","2,4360","2,3940","-0,0017"
21/02/2002,"2,4210","2,4200","2,4280","2,4160","0,0008"
22/02/2002,"2,4210","2,4200","2,4340","2,4190","0,0000"
25/02/2002,"2,3930","2,4130","2,4190","2,3830","-0,0116"
26/02/2002,"2,3930","2,3830","2,4120","2,3670","0,0000"
27/02/2002,"2,3550","2,3920","2,4220","2,3490","-0,0159"
28/02/2002,"2,3640","2,3550","2,3680","2,3350","0,0038"
01/03/2002,"2,3430","2,3630","2,3720","2,3400","-0,0089"
04/03/2002,"2,3230","2,3410","2,3530","2,3180","-0,0085"
05/03/2002,"2,3300","2,3250","2,3410","2,3130","0,0030"
06/03/2002,"2,3660","2,3300","2,3720","2,3270","0,0155"
07/03/2002,"2,3740","2,3660","2,3810","2,3540","0,0034"
08/03/2002,"2,3500","2,3740","2,3770","2,3350","-0,0101"
11/03/2002,"2,3550","2,3490","2,3610","2,3330","0,0021"
12/03/2002,"2,3280","2,3550","2,3650","2,3220","-0,0115"
13/03/2002,"2,3480","2,3350","2,3610","2,3200","0,0086"
14/03/2002,"2,3420","2,3470","2,3630","2,3330","-0,0026"
15/03/2002,"2,3450","2,3540","2,3640","2,3370","0,0013"
18/03/2002,"2,3400","2,3850","2,3850","2,3320","-0,0021"
19/03/2002,"2,3410","2,3390","2,3490","2,3360","0,0004"
20/03/2002,"2,3430","2,3400","2,3470","2,3300","0,0009"
21/03/2002,"2,3420","2,3420","2,3530","2,3390","-0,0004"
22/03/2002,"2,3610","2,3410","2,3700","2,3370","0,0081"
25/03/2002,"2,3640","2,3600","2,3740","2,3510","0,0013"
26/03/2002,"2,3460","2,3640","2,3640","2,3400","-0,0076"
27/03/2002,"2,3220","2,3530","2,3560","2,3160","-0,0102"
28/03/2002,"2,3240","2,3220","2,3310","2,3140","0,0009"
29/03/2002,"2,3240","2,3170","2,3250","2,3170","0,0000"
01/04/2002,"2,3020","2,3250","2,3320","2,2880","-0,0095"
02/04/2002,"2,2970","2,3010","2,3070","2,2930","-0,0022"
03/04/2002,"2,3150","2,2980","2,3220","2,2810","0,0078"
04/04/2002,"2,3000","2,3150","2,3210","2,2960","-0,0065"
05/04/2002,"2,2760","2,3000","2,3040","2,2750","-0,0104"
08/04/2002,"2,2920","2,2750","2,2990","2,2750","0,0070"
09/04/2002,"2,2780","2,2910","2,2920","2,2720","-0,0061"
10/04/2002,"2,2640","2,2780","2,2850","2,2510","-0,0061"
11/04/2002,"2,2800","2,2660","2,2840","2,2570","0,0071"
12/04/2002,"2,2930","2,2810","2,3060","2,2810","0,0057"
15/04/2002,"2,3200","2,2910","2,3270","2,2910","0,0118"
16/04/2002,"2,3200","2,3200","2,3270","2,3080","0,0000"
17/04/2002,"2,3220","2,3190","2,3250","2,3090","0,0009"
18/04/2002,"2,3240","2,3230","2,3430","2,3160","0,0009"
19/04/2002,"2,3320","2,3240","2,3330","2,3130","0,0034"
22/04/2002,"2,3420","2,3300","2,3440","2,3200","0,0043"
23/04/2002,"2,3600","2,3400","2,3630","2,3360","0,0077"
24/04/2002,"2,3500","2,3600","2,3620","2,3480","-0,0042"
25/04/2002,"2,3630","2,3590","2,3750","2,3550","0,0055"
26/04/2002,"2,3700","2,3630","2,3730","2,3480","0,0030"
29/04/2002,"2,3630","2,3700","2,3760","2,3560","-0,0030"
30/04/2002,"2,3600","2,3630","2,3680","2,3550","-0,0013"
01/05/2002,"2,3600","2,3600","2,3600","2,3600","0,0000"
02/05/2002,"2,3970","2,3660","2,4060","2,3640","0,0157"
03/05/2002,"2,4050","2,3970","2,4240","2,3970","0,0033"
06/05/2002,"2,4180","2,4120","2,4390","2,4080","0,0054"
07/05/2002,"2,4330","2,4180","2,4380","2,4060","0,0062"
08/05/2002,"2,4380","2,4330","2,4440","2,4220","0,0021"
09/05/2002,"2,4710","2,4370","2,4860","2,4350","0,0135"
10/05/2002,"2,4600","2,4700","2,4990","2,4570","-0,0045"
13/05/2002,"2,5180","2,4600","2,5310","2,4600","0,0236"
14/05/2002,"2,5060","2,5180","2,5510","2,4910","-0,0048"
15/05/2002,"2,5030","2,5060","2,5280","2,4920","-0,0012"
16/05/2002,"2,4650","2,5080","2,5100","2,4580","-0,0152"
17/05/2002,"2,4740","2,4650","2,4900","2,4540","0,0037"
20/05/2002,"2,4820","2,4680","2,4900","2,4610","0,0032"
21/05/2002,"2,4810","2,4810","2,4910","2,4700","-0,0004"
22/05/2002,"2,5250","2,4810","2,5250","2,4810","0,0177"
23/05/2002,"2,5270","2,5230","2,5480","2,5110","0,0008"
24/05/2002,"2,5180","2,5280","2,5420","2,5140","-0,0036"
27/05/2002,"2,5230","2,5180","2,5300","2,5070","0,0020"
28/05/2002,"2,5270","2,5230","2,5320","2,5180","0,0016"
29/05/2002,"2,5100","2,5260","2,5260","2,5080","-0,0067"
30/05/2002,"2,5110","2,5100","2,5110","2,5100","0,0004"
31/05/2002,"2,5170","2,5110","2,5330","2,5090","0,0024"
03/06/2002,"2,5340","2,5170","2,5560","2,5100","0,0068"
04/06/2002,"2,6040","2,5300","2,6040","2,5300","0,0276"
05/06/2002,"2,6050","2,6050","2,6230","2,5950","0,0004"
06/06/2002,"2,6600","2,6050","2,6760","2,6000","0,0211"
07/06/2002,"2,6350","2,6600","2,6950","2,6250","-0,0094"
10/06/2002,"2,6340","2,6350","2,6450","2,6250","-0,0004"
11/06/2002,"2,7210","2,6350","2,7210","2,6260","0,0330"
12/06/2002,"2,7790","2,7200","2,7940","2,7070","0,0213"
13/06/2002,"2,7060","2,7790","2,7790","2,6900","-0,0263"
14/06/2002,"2,7150","2,7060","2,7530","2,6880","0,0033"
17/06/2002,"2,6510","2,7150","2,7150","2,6390","-0,0236"
18/06/2002,"2,7130","2,6500","2,7250","2,6450","0,0234"
19/06/2002,"2,7060","2,7130","2,7310","2,6870","-0,0026"
20/06/2002,"2,7730","2,7050","2,8050","2,7050","0,0248"
21/06/2002,"2,8290","2,7730","2,8420","2,7500","0,0202"
24/06/2002,"2,7770","2,8290","2,8630","2,7530","-0,0184"
25/06/2002,"2,8200","2,7600","2,8410","2,7600","0,0155"
26/06/2002,"2,8530","2,8190","2,8890","2,8150","0,0117"
27/06/2002,"2,8220","2,8510","2,8850","2,8200","-0,0109"
28/06/2002,"2,8150","2,8220","2,8530","2,7800","-0,0025"
01/07/2002,"2,8960","2,8180","2,9040","2,7900","0,0288"
02/07/2002,"2,8930","2,8960","2,9400","2,8720","-0,0010"
03/07/2002,"2,8580","2,8900","2,9300","2,8170","-0,0121"
04/07/2002,"2,8550","2,8600","2,8730","2,8270","-0,0010"
05/07/2002,"2,8800","2,8900","2,8980","2,8400","0,0088"
08/07/2002,"2,8600","2,8800","2,8980","2,8380","-0,0069"
09/07/2002,"2,8500","2,8560","2,8720","2,8440","-0,0035"
10/07/2002,"2,8460","2,8460","2,8610","2,8450","-0,0014"
11/07/2002,"2,7920","2,7920","2,8580","2,7920","-0,0190"
12/07/2002,"2,8080","2,8080","2,8310","2,7950","0,0057"
15/07/2002,"2,8530","2,8530","2,8720","2,8270","0,0160"
16/07/2002,"2,8730","2,8730","2,8810","2,8600","0,0070"
17/07/2002,"2,8950","2,8950","2,9130","2,8640","0,0077"
18/07/2002,"2,8490","2,8900","2,8970","2,8420","-0,0159"
19/07/2002,"2,8680","2,8450","2,8830","2,8420","0,0067"
22/07/2002,"2,9050","2,8640","2,9070","2,8630","0,0129"
23/07/2002,"2,9170","2,9020","2,9330","2,8950","0,0041"
24/07/2002,"2,9420","2,9180","2,9660","2,9140","0,0086"
25/07/2002,"2,9930","2,9300","3,0290","2,9300","0,0173"
26/07/2002,"3,0040","2,9940","3,0300","2,9780","0,0037"
29/07/2002,"3,2640","3,0000","3,2790","3,0000","0,0866"
30/07/2002,"3,3520","3,2620","3,3620","3,2250","0,0270"
31/07/2002,"3,4400","3,2850","3,6060","3,2790","0,0263"
01/08/2002,"3,1000","3,4500","3,4500","3,0900","-0,0988"
02/08/2002,"3,0000","3,0900","3,1300","2,9800","-0,0323"
05/08/2002,"3,1600","3,0030","3,1900","2,9800","0,0533"
06/08/2002,"3,0700","3,1500","3,2500","3,0700","-0,0285"
07/08/2002,"3,0100","3,1000","3,1000","3,0100","-0,0195"
08/08/2002,"2,9250","3,0100","3,0100","2,8500","-0,0282"
09/08/2002,"3,0150","2,9150","3,0750","2,9030","0,0308"
12/08/2002,"3,1500","3,0180","3,1550","3,0180","0,0448"
13/08/2002,"3,1550","3,1550","3,2650","3,1150","0,0016"
14/08/2002,"3,1850","3,1580","3,2350","3,1250","0,0095"
15/08/2002,"3,2050","3,1980","3,2250","3,1250","0,0063"
16/08/2002,"3,1200","3,2050","3,2050","3,1050","-0,0265"
19/08/2002,"3,0910","3,1180","3,1550","3,0050","-0,0093"
20/08/2002,"3,0950","3,0980","3,1480","3,0530","0,0013"
21/08/2002,"3,0800","3,0930","3,0950","3,0380","-0,0048"
22/08/2002,"3,1400","3,0700","3,1820","3,0700","0,0195"
23/08/2002,"3,1070","3,1350","3,1730","3,0800","-0,0105"
26/08/2002,"3,0880","3,0850","3,1000","3,0380","-0,0061"
27/08/2002,"3,1300","3,0880","3,1370","3,0000","0,0136"
28/08/2002,"3,1180","3,1260","3,1500","3,0610","-0,0038"
29/08/2002,"3,0660","3,1150","3,1580","3,0370","-0,0167"
30/08/2002,"3,0050","3,0680","3,0680","2,9850","-0,0199"
02/09/2002,"3,0590","3,0050","3,0680","3,0000","0,0180"
03/09/2002,"3,0960","3,0560","3,1190","3,0350","0,0121"
04/09/2002,"3,1100","3,1040","3,1520","3,0900","0,0045"
05/09/2002,"3,1500","3,1080","3,1550","3,1000","0,0129"
06/09/2002,"3,1550","3,1480","3,1880","3,1480","0,0016"
09/09/2002,"3,0990","3,1530","3,1700","3,0530","-0,0177"
10/09/2002,"3,1240","3,0960","3,1560","3,0940","0,0081"
11/09/2002,"3,0990","3,1310","3,1350","3,0890","-0,0080"
12/09/2002,"3,1250","3,0990","3,1350","3,0990","0,0084"
13/09/2002,"3,1550","3,1190","3,1710","3,1190","0,0096"
16/09/2002,"3,2120","3,1550","3,2310","3,1550","0,0181"
17/09/2002,"3,2700","3,2040","3,2740","3,1880","0,0181"
18/09/2002,"3,3500","3,2460","3,3660","3,2430","0,0245"
19/09/2002,"3,4440","3,3480","3,5110","3,3210","0,0281"
20/09/2002,"3,3960","3,4430","3,4730","3,3780","-0,0139"
23/09/2002,"3,5660","3,3950","3,6210","3,3950","0,0501"
24/09/2002,"3,7710","3,5670","3,8100","3,5600","0,0575"
25/09/2002,"3,6950","3,7700","3,7750","3,6520","-0,0202"
26/09/2002,"3,7520","3,6580","3,8010","3,6580","0,0154"
27/09/2002,"3,8660","3,7500","3,8980","3,7500","0,0304"
30/09/2002,"3,7550","3,8700","3,9490","3,7240","-0,0287"
01/10/2002,"3,5900","3,7390","3,7990","3,5700","-0,0439"
02/10/2002,"3,6530","3,6000","3,7000","3,5140","0,0175"
03/10/2002,"3,6850","3,6600","3,7400","3,6330","0,0088"
04/10/2002,"3,6100","3,6900","3,6950","3,5900","-0,0204"
07/10/2002,"3,6600","3,6100","3,7740","3,5300","0,0139"
08/10/2002,"3,7230","3,7300","3,7710","3,6100","0,0172"
09/10/2002,"3,9000","3,7200","3,9180","3,7200","0,0475"
10/10/2002,"3,9450","3,9120","4,0140","3,8630","0,0115"
11/10/2002,"3,8050","3,9800","4,0010","3,7340","-0,0355"
14/10/2002,"3,8200","3,8050","3,9280","3,7700","0,0039"
15/10/2002,"3,8300","3,8350","3,9100","3,7900","0,0026"
16/10/2002,"3,9460","3,8350","3,9650","3,8000","0,0303"
17/10/2002,"3,9000","3,9050","3,9790","3,8250","-0,0117"
18/10/2002,"3,8700","3,8950","3,9280","3,8350","-0,0077"
21/10/2002,"3,9320","3,8600","3,9350","3,8310","0,0160"
22/10/2002,"3,9010","3,9000","3,9800","3,8820","-0,0079"
23/10/2002,"3,9030","3,8980","3,9230","3,8400","0,0005"
24/10/2002,"3,8000","3,9000","3,9040","3,7920","-0,0264"
25/10/2002,"3,7250","3,7950","3,8400","3,7100","-0,0197"
28/10/2002,"3,7960","3,7200","3,8100","3,6890","0,0191"
29/10/2002,"3,8100","3,7950","3,8500","3,7600","0,0037"
30/10/2002,"3,7100","3,8110","3,8110","3,6570","-0,0262"
31/10/2002,"3,6450","3,7030","3,7030","3,6070","-0,0175"
01/11/2002,"3,5920","3,6150","3,6530","3,5710","-0,0145"
04/11/2002,"3,5500","3,5900","3,5900","3,4910","-0,0117"
05/11/2002,"3,5390","3,5850","3,5960","3,5140","-0,0031"
06/11/2002,"3,6530","3,5150","3,6640","3,5150","0,0322"
07/11/2002,"3,5820","3,6480","3,6500","3,5460","-0,0194"
08/11/2002,"3,5380","3,5600","3,5850","3,4970","-0,0123"
11/11/2002,"3,5220","3,5350","3,5400","3,4600","-0,0045"
12/11/2002,"3,6180","3,5130","3,6180","3,5090","0,0273"
13/11/2002,"3,6540","3,6000","3,6660","3,6000","0,0100"
14/11/2002,"3,6800","3,6480","3,7280","3,6000","0,0071"
15/11/2002,"3,6850","3,6800","3,6950","3,6600","0,0014"
18/11/2002,"3,5670","3,6500","3,6660","3,5290","-0,0320"
19/11/2002,"3,5210","3,5670","3,6370","3,5100","-0,0129"
20/11/2002,"3,5120","3,5480","3,5530","3,4750","-0,0026"
21/11/2002,"3,5230","3,5080","3,5440","3,4800","0,0031"
22/11/2002,"3,5520","3,5180","3,5900","3,5180","0,0082"
25/11/2002,"3,5500","3,5500","3,5870","3,5150","-0,0006"
26/11/2002,"3,6000","3,5500","3,6230","3,5360","0,0141"
27/11/2002,"3,6080","3,5500","3,6120","3,5500","0,0022"
28/11/2002,"3,5980","3,5500","3,6280","3,5500","-0,0028"
29/11/2002,"3,6480","3,5500","3,6810","3,5500","0,0139"
02/12/2002,"3,6060","3,5500","3,6500","3,5500","-0,0115"
03/12/2002,"3,6660","3,6070","3,6850","3,6000","0,0166"
04/12/2002,"3,7130","3,6830","3,7320","3,6320","0,0128"
05/12/2002,"3,7810","3,7130","3,8000","3,7000","0,0183"
06/12/2002,"3,7450","3,7870","3,8050","3,6980","-0,0095"
09/12/2002,"3,7860","3,7450","3,8210","3,7300","0,0109"
10/12/2002,"3,8040","3,7780","3,8110","3,7450","0,0048"
11/12/2002,"3,7460","3,7980","3,8130","3,7120","-0,0152"
12/12/2002,"3,7890","3,7470","3,8020","3,7000","0,0115"
13/12/2002,"3,7270","3,7900","3,7900","3,6850","-0,0164"
16/12/2002,"3,6140","3,7250","3,7400","3,5850","-0,0303"
17/12/2002,"3,5820","3,5930","3,6200","3,5240","-0,0089"
18/12/2002,"3,5210","3,5680","3,5680","3,5070","-0,0170"
19/12/2002,"3,4710","3,5180","3,5370","3,4500","-0,0142"
20/12/2002,"3,4850","3,4730","3,5000","3,4000","0,0040"
23/12/2002,"3,5000","3,4830","3,5150","3,4300","0,0043"
24/12/2002,"3,5000","3,5000","3,5150","3,4420","0,0000"
25/12/2002,"3,5000","3,5000","3,5000","3,5000","0,0000"
26/12/2002,"3,5800","3,5000","3,5800","3,4950","0,0229"
27/12/2002,"3,5350","3,5550","3,5650","3,4670","-0,0126"
30/12/2002,"3,5330","3,5330","3,5730","3,4940","-0,0006"
31/12/2002,"3,5350","3,5310","3,5350","3,5310","0,0006"
01/01/2003,"3,5350","3,5350","3,5350","3,5350","0,0000"
02/01/2003,"3,5230","3,5350","3,5550","3,5010","-0,0034"
03/01/2003,"3,4360","3,5300","3,5300","3,4020","-0,0247"
06/01/2003,"3,3350","3,4300","3,4350","3,3200","-0,0294"
07/01/2003,"3,2800","3,4300","3,4300","3,2750","-0,0165"
08/01/2003,"3,3400","3,3400","3,3440","3,2390","0,0183"
09/01/2003,"3,3130","3,3380","3,3580","3,2900","-0,0081"
10/01/2003,"3,2960","3,3140","3,3140","3,2700","-0,0051"
13/01/2003,"3,2920","3,2660","3,3100","3,2590","-0,0012"
14/01/2003,"3,2570","3,2980","3,3030","3,2350","-0,0106"
15/01/2003,"3,3120","3,2530","3,3300","3,2530","0,0169"
16/01/2003,"3,3190","3,2870","3,3230","3,2780","0,0021"
17/01/2003,"3,3690","3,3040","3,3970","3,3030","0,0151"
20/01/2003,"3,4120","3,3710","3,4340","3,3530","0,0128"
21/01/2003,"3,4870","3,4160","3,4890","3,3700","0,0220"
22/01/2003,"3,5310","3,4750","3,5660","3,4700","0,0126"
23/01/2003,"3,5280","3,4800","3,5380","3,4500","-0,0008"
24/01/2003,"3,6200","3,5280","3,6420","3,5200","0,0261"
27/01/2003,"3,6360","3,6180","3,6810","3,6010","0,0044"
28/01/2003,"3,6350","3,6130","3,6550","3,6000","-0,0003"
29/01/2003,"3,5730","3,6330","3,6880","3,5720","-0,0171"
30/01/2003,"3,5390","3,6090","3,6090","3,5300","-0,0095"
31/01/2003,"3,5010","3,5400","3,5660","3,4740","-0,0107"
03/02/2003,"3,5140","3,5000","3,5410","3,4480","0,0037"
04/02/2003,"3,5700","3,5150","3,5830","3,5060","0,0159"
05/02/2003,"3,5900","3,5410","3,6050","3,4940","0,0056"
06/02/2003,"3,5870","3,5850","3,6220","3,5580","-0,0008"
07/02/2003,"3,5840","3,5570","3,5970","3,5430","-0,0008"
10/02/2003,"3,5830","3,5800","3,6170","3,5620","-0,0003"
11/02/2003,"3,5880","3,5780","3,5930","3,5400","0,0014"
12/02/2003,"3,6040","3,5780","3,6350","3,5700","0,0045"
13/02/2003,"3,6560","3,5980","3,6810","3,5970","0,0144"
14/02/2003,"3,6570","3,6580","3,6720","3,6020","0,0003"
17/02/2003,"3,6080","3,6200","3,6310","3,6000","-0,0134"
18/02/2003,"3,5890","3,6130","3,6130","3,5700","-0,0053"
19/02/2003,"3,6100","3,5860","3,6150","3,5680","0,0059"
20/02/2003,"3,6060","3,6080","3,6340","3,5280","-0,0011"
21/02/2003,"3,6200","3,6100","3,6270","3,5890","0,0039"
24/02/2003,"3,5620","3,6200","3,6200","3,5620","-0,0160"
25/02/2003,"3,5810","3,5780","3,6210","3,5600","0,0053"
26/02/2003,"3,5830","3,5790","3,5920","3,5600","0,0006"
27/02/2003,"3,5520","3,5810","3,6030","3,5500","-0,0087"
28/02/2003,"3,5680","3,5520","3,5730","3,5490","0,0045"
03/03/2003,"3,5600","3,5630","3,5630","3,5600","-0,0022"
04/03/2003,"3,5630","3,5600","3,5630","3,5600","0,0008"
05/03/2003,"3,5500","3,5630","3,5760","3,5330","-0,0036"
06/03/2003,"3,4750","3,5480","3,5500","3,4750","-0,0211"
07/03/2003,"3,4950","3,5650","3,5650","3,4650","0,0058"
10/03/2003,"3,5260","3,4930","3,5440","3,4900","0,0089"
11/03/2003,"3,4900","3,5180","3,5820","3,4730","-0,0102"
12/03/2003,"3,4650","3,4780","3,4970","3,4350","-0,0072"
13/03/2003,"3,4060","3,4630","3,5250","3,3910","-0,0170"
14/03/2003,"3,4300","3,4000","3,4340","3,3750","0,0070"
17/03/2003,"3,4310","3,4280","3,4590","3,3900","0,0003"
18/03/2003,"3,4510","3,4380","3,4530","3,3430","0,0058"
19/03/2003,"3,4550","3,4380","3,4890","3,3420","0,0012"
20/03/2003,"3,4710","3,4380","3,4920","3,4380","0,0046"
21/03/2003,"3,4000","3,4720","3,4720","3,3950","-0,0205"
24/03/2003,"3,3740","3,4000","3,4710","3,3730","-0,0076"
25/03/2003,"3,3520","3,3770","3,4700","3,3500","-0,0065"
26/03/2003,"3,3860","3,3630","3,3950","3,3500","0,0101"
27/03/2003,"3,3790","3,3890","3,4220","3,3660","-0,0021"
28/03/2003,"3,3580","3,3800","3,3900","3,3500","-0,0062"
31/03/2003,"3,3610","3,3550","3,3850","3,3200","0,0009"
01/04/2003,"3,3040","3,3630","3,3630","3,3010","-0,0170"
02/04/2003,"3,2590","3,3080","3,3080","3,2470","-0,0136"
03/04/2003,"3,2590","3,2550","3,2710","3,2220","0,0000"
04/04/2003,"3,2200","3,2480","3,2700","3,2080","-0,0120"
07/04/2003,"3,1390","3,2130","3,2130","3,1380","-0,0252"
08/04/2003,"3,1910","3,1480","3,1990","3,1200","0,0166"
09/04/2003,"3,2030","3,1780","3,2110","3,1600","0,0038"
10/04/2003,"3,2260","3,1850","3,2500","3,1850","0,0072"
11/04/2003,"3,1990","3,2430","3,2430","3,1910","-0,0084"
14/04/2003,"3,1590","3,1990","3,1990","3,1500","-0,0125"
15/04/2003,"3,0680","3,1560","3,1640","3,0670","-0,0288"
16/04/2003,"3,0900","3,0730","3,1050","3,0320","0,0072"
17/04/2003,"3,0330","3,0880","3,0880","3,0000","-0,0184"
18/04/2003,"3,0330","3,0330","3,0330","3,0330","0,0000"
21/04/2003,"3,0300","3,0300","3,0300","3,0300","-0,0010"
22/04/2003,"3,0370","3,0280","3,0800","2,9790","0,0023"
23/04/2003,"2,9080","3,0360","2,9270","2,9080","-0,0425"
24/04/2003,"3,0150","2,9950","3,0300","2,9750","0,0368"
25/04/2003,"3,0060","3,0060","3,0390","2,9950","-0,0030"
28/04/2003,"2,9560","3,0110","3,0150","2,9450","-0,0166"
29/04/2003,"2,9100","2,9580","2,9580","2,8770","-0,0156"
30/04/2003,"2,9090","2,9050","2,9150","2,8690","-0,0003"
01/05/2003,"2,9100","2,9090","2,9100","2,9060","0,0003"
02/05/2003,"2,9650","2,9380","2,9680","2,8850","0,0189"
05/05/2003,"3,0440","2,9380","3,0440","2,9370","0,0266"
06/05/2003,"3,0110","3,0330","3,0850","2,9890","-0,0108"
07/05/2003,"2,9470","3,0180","3,0290","2,9320","-0,0213"
08/05/2003,"2,8920","2,9430","2,9470","2,8920","-0,0187"
09/05/2003,"2,8700","2,9060","2,9060","2,8480","-0,0076"
12/05/2003,"2,8660","2,8680","2,8930","2,8550","-0,0014"
13/05/2003,"2,8850","2,8580","2,9010","2,8410","0,0066"
14/05/2003,"2,9190","2,8900","2,9200","2,8650","0,0118"
15/05/2003,"3,0010","2,8860","3,0010","2,8860","0,0281"
16/05/2003,"2,9400","2,9630","2,9940","2,9350","-0,0203"
19/05/2003,"2,9910","2,9380","3,0050","2,9200","0,0173"
20/05/2003,"3,0150","2,9930","3,0350","2,9850","0,0080"
21/05/2003,"3,0070","3,0330","3,0460","2,9750","-0,0027"
22/05/2003,"2,9640","2,9950","3,0060","2,9600","-0,0143"
23/05/2003,"2,9130","2,9750","2,9780","2,9000","-0,0172"
26/05/2003,"3,0630","2,9120","3,0660","2,8900","0,0515"
27/05/2003,"3,0090","3,0230","3,0650","2,9980","-0,0176"
28/05/2003,"3,0000","3,0230","3,0240","3,0000","-0,0030"
29/05/2003,"2,9400","3,0050","3,0080","2,9150","-0,0200"
30/05/2003,"2,9710","2,9330","2,9910","2,9330","0,0105"
02/06/2003,"2,9570","2,9630","2,9920","2,9500","-0,0047"
03/06/2003,"2,9200","2,9750","2,9780","2,9200","-0,0125"
04/06/2003,"2,9120","2,9420","2,9420","2,8850","-0,0027"
05/06/2003,"2,8470","2,9110","2,9450","2,8420","-0,0223"
06/06/2003,"2,8750","2,8530","2,9000","2,7980","0,0098"
09/06/2003,"2,8680","2,8750","2,8770","2,8460","-0,0024"
10/06/2003,"2,8660","2,8580","2,8710","2,8400","-0,0007"
11/06/2003,"2,8470","2,8660","2,8820","2,8410","-0,0066"
12/06/2003,"2,8630","2,8480","2,8880","2,8380","0,0056"
13/06/2003,"2,8380","2,8600","2,8640","2,8340","-0,0087"
16/06/2003,"2,8700","2,8380","2,8740","2,8250","0,0113"
17/06/2003,"2,8710","2,8700","2,8990","2,8490","0,0003"
18/06/2003,"2,8860","2,8630","2,9210","2,8600","0,0052"
19/06/2003,"2,8900","2,8830","2,8900","2,8830","0,0014"
20/06/2003,"2,8900","2,8900","2,9050","2,8750","0,0000"
23/06/2003,"2,8590","2,8900","2,9000","2,8370","-0,0107"
24/06/2003,"2,8620","2,8580","2,8870","2,8370","0,0010"
25/06/2003,"2,8850","2,8620","2,8850","2,8300","0,0080"
26/06/2003,"2,8940","2,8570","2,9050","2,8540","0,0031"
27/06/2003,"2,8770","2,8960","2,9300","2,8610","-0,0059"
30/06/2003,"2,8350","2,8770","2,8900","2,8340","-0,0146"
01/07/2003,"2,8310","2,8390","2,8850","2,8270","-0,0014"
02/07/2003,"2,8280","2,8330","2,8440","2,8000","-0,0011"
03/07/2003,"2,8220","2,8160","2,8400","2,8100","-0,0021"
04/07/2003,"2,8350","2,8190","2,8400","2,8100","0,0046"
07/07/2003,"2,8820","2,8330","2,8850","2,8330","0,0166"
08/07/2003,"2,8670","2,8840","2,8980","2,8600","-0,0052"
09/07/2003,"2,8570","2,8640","2,8690","2,8550","-0,0035"
10/07/2003,"2,8890","2,8550","2,9040","2,8550","0,0112"
11/07/2003,"2,8900","2,8870","2,9130","2,8850","0,0003"
14/07/2003,"2,8630","2,8900","2,8940","2,8550","-0,0093"
15/07/2003,"2,8620","2,8600","2,8690","2,8300","-0,0003"
16/07/2003,"2,8440","2,8530","2,8870","2,8380","-0,0063"
17/07/2003,"2,8680","2,8500","2,8700","2,8330","0,0084"
18/07/2003,"2,8870","2,8640","2,8870","2,8590","0,0066"
21/07/2003,"2,8730","2,8870","2,8960","2,8690","-0,0048"
22/07/2003,"2,8790","2,8790","2,8890","2,8600","0,0021"
23/07/2003,"2,8940","2,8830","2,8980","2,8670","0,0052"
24/07/2003,"2,8860","2,8970","2,9130","2,8750","-0,0028"
25/07/2003,"2,8880","2,8840","2,8930","2,8710","0,0007"
28/07/2003,"2,8930","2,8860","2,9000","2,8800","0,0017"
29/07/2003,"2,9360","2,8920","2,9450","2,8920","0,0149"
30/07/2003,"2,9800","2,9320","2,9800","2,9280","0,0150"
31/07/2003,"2,9650","2,9640","2,9850","2,9250","-0,0050"
01/08/2003,"3,0260","2,9610","3,0340","2,9600","0,0206"
04/08/2003,"3,0680","3,0680","3,0680","3,0680","0,0139"
05/08/2003,"3,0070","3,0680","3,0680","3,0070","-0,0199"
06/08/2003,"3,0500","3,0150","3,0680","2,9960","0,0143"
07/08/2003,"2,9850","3,0500","3,0570","2,9730","-0,0213"
08/08/2003,"2,9850","2,9925","3,0080","2,9650","0,0000"
11/08/2003,"3,0070","2,9810","3,0400","2,9660","0,0074"
12/08/2003,"3,0260","2,9860","3,0330","2,9860","0,0063"
13/08/2003,"3,0060","3,0230","3,0470","3,0020","-0,0066"
14/08/2003,"3,0040","3,0020","3,0240","2,9890","-0,0007"
15/08/2003,"2,9890","3,0020","3,0020","2,9810","-0,0050"
18/08/2003,"2,9910","2,9860","3,0030","2,9630","0,0007"
19/08/2003,"2,9920","3,0010","3,0050","2,9740","0,0003"
20/08/2003,"3,0030","3,0040","3,0130","2,9800","0,0037"
21/08/2003,"3,0010","2,9910","3,0090","2,9880","-0,0007"
22/08/2003,"2,9840","3,0030","3,0030","2,9800","-0,0057"
25/08/2003,"3,0000","2,9890","3,0020","2,9700","0,0054"
26/08/2003,"2,9710","2,9940","3,0040","2,9700","-0,0097"
27/08/2003,"2,9550","2,9710","2,9820","2,9470","-0,0054"
28/08/2003,"2,9540","2,9570","2,9620","2,9340","-0,0003"
29/08/2003,"2,9770","2,9550","2,9800","2,9420","0,0078"
01/09/2003,"2,9860","2,9800","2,9880","2,9730","0,0030"
02/09/2003,"2,9535","2,9820","2,9980","2,9500","-0,0109"
03/09/2003,"2,9640","2,9570","2,9680","2,9410","0,0036"
04/09/2003,"2,9360","2,9640","2,9990","2,9220","-0,0094"
05/09/2003,"2,9040","2,9240","2,9410","2,9000","-0,0109"
08/09/2003,"2,9490","2,9040","2,9530","2,8920","0,0155"
09/09/2003,"2,9210","2,9370","2,9590","2,9100","-0,0095"
10/09/2003,"2,8900","2,9370","2,9370","2,8790","-0,0106"
11/09/2003,"2,9110","2,8900","2,9220","2,8600","0,0073"
12/09/2003,"2,9000","2,8850","2,9140","2,8810","-0,0038"
15/09/2003,"2,8830","2,9000","2,9170","2,8710","-0,0059"
16/09/2003,"2,9110","2,8790","2,9130","2,8760","0,0097"
17/09/2003,"2,9040","2,9060","2,9240","2,8910","-0,0024"
18/09/2003,"2,9010","2,9050","2,9110","2,8800","-0,0010"
19/09/2003,"2,9010","2,9000","2,9140","2,8900","0,0000"
22/09/2003,"2,8920","2,9010","2,9140","2,8900","-0,0031"
23/09/2003,"2,9280","2,9000","2,9300","2,8940","0,0124"
24/09/2003,"2,9140","2,9180","2,9430","2,9000","-0,0048"
25/09/2003,"2,9390","2,9190","2,9420","2,9110","0,0086"
26/09/2003,"2,9320","2,9380","2,9590","2,9160","-0,0024"
29/09/2003,"2,9240","2,9320","2,9450","2,9190","-0,0027"
30/09/2003,"2,8910","2,9260","2,9315","2,8860","-0,0113"
01/10/2003,"2,8950","2,8910","2,9120","2,8800","0,0014"
02/10/2003,"2,8810","2,8970","2,9190","2,8800","-0,0048"
03/10/2003,"2,8840","2,8860","2,8970","2,8750","0,0010"
06/10/2003,"2,8640","2,8810","2,8900","2,8580","-0,0069"
07/10/2003,"2,8530","2,8700","2,8820","2,8510","-0,0038"
08/10/2003,"2,8380","2,8550","2,8580","2,8310","-0,0053"
09/10/2003,"2,8260","2,8410","2,8590","2,8220","-0,0042"
10/10/2003,"2,8280","2,8300","2,8500","2,8210","0,0007"
13/10/2003,"2,8430","2,8250","2,8430","2,8250","0,0053"
14/10/2003,"2,8340","2,8400","2,8500","2,8180","-0,0032"
15/10/2003,"2,8360","2,8350","2,8440","2,8150","0,0007"
16/10/2003,"2,8500","2,8370","2,8540","2,8270","0,0049"
17/10/2003,"2,8675","2,8500","2,8715","2,8440","0,0061"
20/10/2003,"2,8600","2,8630","2,8930","2,8570","-0,0026"
21/10/2003,"2,8440","2,8610","2,8710","2,8410","-0,0056"
22/10/2003,"2,8580","2,8450","2,8650","2,8410","0,0049"
23/10/2003,"2,8580","2,8590","2,8790","2,8490","0,0000"
24/10/2003,"2,8675","2,8590","2,8750","2,8550","0,0033"
27/10/2003,"2,8740","2,8650","2,8840","2,8620","0,0023"
28/10/2003,"2,8490","2,8700","2,8805","2,8440","-0,0087"
29/10/2003,"2,8350","2,8505","2,8570","2,8330","-0,0049"
30/10/2003,"2,8480","2,8380","2,8630","2,8300","0,0046"
31/10/2003,"2,8660","2,8455","2,8800","2,8350","0,0063"
03/11/2003,"2,8470","2,8660","2,8660","2,8430","-0,0066"
04/11/2003,"2,8610","2,8565","2,8700","2,8450","0,0049"
05/11/2003,"2,8660","2,8615","2,8700","2,8500","0,0017"
06/11/2003,"2,8740","2,8565","2,8810","2,8565","0,0028"
07/11/2003,"2,8565","2,8705","2,8760","2,8520","-0,0061"
10/11/2003,"2,8820","2,8665","2,8890","2,8600","0,0089"
11/11/2003,"2,9050","2,8750","2,9089","2,8750","0,0080"
12/11/2003,"2,9000","2,9000","2,9205","2,8960","-0,0017"
13/11/2003,"2,9450","2,8970","2,9550","2,8955","0,0155"
14/11/2003,"2,9480","2,9450","2,9510","2,9270","0,0010"
17/11/2003,"2,9400","2,9450","2,9710","2,9200","-0,0027"
18/11/2003,"2,9510","2,9390","2,9550","2,9290","0,0037"
19/11/2003,"2,9420","2,9530","2,9652","2,9340","-0,0030"
20/11/2003,"2,9360","2,9410","2,9560","2,9320","-0,0020"
21/11/2003,"2,9155","2,9380","2,9400","2,9130","-0,0070"
24/11/2003,"2,9180","2,9220","2,9350","2,9080","0,0009"
25/11/2003,"2,9290","2,9155","2,9370","2,9110","0,0038"
26/11/2003,"2,9450","2,9300","2,9480","2,9210","0,0055"
27/11/2003,"2,9410","2,9420","2,9560","2,9300","-0,0014"
28/11/2003,"2,9450","2,9390","2,9570","2,9350","0,0014"
01/12/2003,"2,9210","2,9410","2,9500","2,9170","-0,0081"
02/12/2003,"2,9300","2,9190","2,9330","2,9180","0,0031"
03/12/2003,"2,9270","2,9270","2,9370","2,9200","-0,0010"
04/12/2003,"2,9480","2,9280","2,9490","2,9240","0,0072"
05/12/2003,"2,9330","2,9480","2,9490","2,9210","-0,0051"
08/12/2003,"2,9410","2,9310","2,9450","2,9290","0,0027"
09/12/2003,"2,9370","2,9360","2,9450","2,9250","-0,0014"
10/12/2003,"2,9450","2,9290","2,9510","2,9240","0,0027"
11/12/2003,"2,9390","2,9450","2,9500","2,9300","-0,0020"
12/12/2003,"2,9310","2,9390","2,9460","2,9290","-0,0027"
15/12/2003,"2,9210","2,9320","2,9370","2,9160","-0,0034"
16/12/2003,"2,9400","2,9200","2,9420","2,9140","0,0065"
17/12/2003,"2,9290","2,9420","2,9460","2,9230","-0,0037"
18/12/2003,"2,9310","2,9290","2,9440","2,9240","0,0007"
19/12/2003,"2,9220","2,9340","2,9340","2,9150","-0,0031"
22/12/2003,"2,9160","2,9220","2,9310","2,9090","-0,0021"
23/12/2003,"2,9085","2,9170","2,9290","2,9010","-0,0026"
24/12/2003,"2,9085","2,9085","2,9100","2,9020","0,0000"
25/12/2003,"2,9030","2,9085","2,9085","2,9030","-0,0019"
26/12/2003,"2,9000","2,9120","2,9120","2,8920","-0,0010"
29/12/2003,"2,8720","2,9005","2,9090","2,8510","-0,0097"
30/12/2003,"2,8930","2,8720","2,9150","2,8610","0,0073"
31/12/2003,"2,8900","2,9000","2,9000","2,8800","-0,0010"
02/01/2004,"2,8770","2,8970","2,8970","2,8720","-0,0045"
05/01/2004,"2,8460","2,8730","2,8760","2,8440","-0,0108"
06/01/2004,"2,8630","2,8460","2,8690","2,8350","0,0060"
07/01/2004,"2,8590","2,8630","2,8825","2,8480","-0,0014"
08/01/2004,"2,8460","2,8540","2,8710","2,8330","-0,0045"
09/01/2004,"2,8320","2,8460","2,8510","2,8250","-0,0049"
12/01/2004,"2,7800","2,8320","2,8360","2,7770","-0,0184"
13/01/2004,"2,8140","2,7815","2,8240","2,7660","0,0122"
14/01/2004,"2,8139","2,8140","2,8280","2,8010","0,0000"
15/01/2004,"2,8140","2,8139","2,8200","2,7970","0,0000"
16/01/2004,"2,8280","2,8140","2,8300","2,8070","0,0050"
19/01/2004,"2,8370","2,8280","2,8530","2,8220","0,0032"
20/01/2004,"2,8360","2,8370","2,8450","2,8270","-0,0004"
21/01/2004,"2,8390","2,8390","2,8480","2,8300","0,0011"
22/01/2004,"2,8360","2,8390","2,8480","2,8300","-0,0011"
23/01/2004,"2,8410","2,8360","2,8470","2,8300","0,0018"
26/01/2004,"2,8510","2,8360","2,8510","2,8360","0,0035"
27/01/2004,"2,8650","2,8390","2,8710","2,8390","0,0049"
28/01/2004,"2,9050","2,8640","2,9070","2,8640","0,0140"
29/01/2004,"2,9295","2,9030","2,9725","2,8980","0,0084"
30/01/2004,"2,9340","2,9310","2,9560","2,9130","0,0015"
02/02/2004,"2,9410","2,9260","2,9560","2,9370","0,0024"
03/02/2004,"2,9160","2,9295","2,9380","2,9130","-0,0085"
04/02/2004,"2,9180","2,9200","2,9190","2,9000","0,0007"
05/02/2004,"2,9300","2,9275","2,9420","2,9240","0,0041"
06/02/2004,"2,9300","2,9430","2,9630","2,9300","0,0000"
09/02/2004,"2,9240","2,9260","2,9400","2,9230","-0,0020"
10/02/2004,"2,9190","2,9260","2,9280","2,9130","-0,0017"
11/02/2004,"2,9050","2,9150","2,9320","2,9050","-0,0048"
12/02/2004,"2,8940","2,9000","2,9110","2,8940","-0,0038"
13/02/2004,"2,9040","2,9110","2,9180","2,8970","0,0035"
16/02/2004,"2,9060","2,9000","2,9140","2,9010","0,0007"
17/02/2004,"2,9160","2,9020","2,9240","2,9010","0,0034"
18/02/2004,"2,9490","2,9240","2,9500","2,9090","0,0113"
19/02/2004,"2,9560","2,9480","2,9580","2,9440","0,0024"
20/02/2004,"2,9590","2,9600","3,0100","2,9580","0,0010"
23/02/2004,"2,9595","2,9550","2,9595","2,9550","0,0002"
24/02/2004,"2,9585","2,9560","2,9598","2,9560","-0,0003"
25/02/2004,"2,9390","2,9550","2,9450","2,9240","-0,0066"
26/02/2004,"2,9310","2,9380","2,9420","2,9280","-0,0027"
27/02/2004,"2,9050","2,9200","2,9250","2,9050","-0,0089"
01/03/2004,"2,8930","2,9010","2,9030","2,8870","-0,0041"
02/03/2004,"2,8900","2,8970","2,9180","2,8900","-0,0010"
03/03/2004,"2,8860","2,8860","2,8910","2,8700","-0,0014"
04/03/2004,"2,8880","2,8820","2,8900","2,8780","0,0007"
05/03/2004,"2,8670","2,8840","2,8930","2,8620","-0,0073"
08/03/2004,"2,8720","2,8710","2,8820","2,8570","0,0017"
09/03/2004,"2,8800","2,8680","2,8800","2,8660","0,0028"
10/03/2004,"2,8990","2,8850","2,8990","2,8790","0,0066"
11/03/2004,"2,9080","2,8950","2,9200","2,9040","0,0031"
12/03/2004,"2,8990","2,9150","2,9160","2,8980","-0,0031"
15/03/2004,"2,9030","2,9010","2,9040","2,8940","0,0014"
16/03/2004,"2,8970","2,8990","2,9010","2,8960","-0,0021"
17/03/2004,"2,9100","2,8950","2,9140","2,8960","0,0045"
18/03/2004,"2,9060","2,9110","2,9180","2,9050","-0,0014"
19/03/2004,"2,9000","2,9020","2,9010","2,8930","-0,0021"
22/03/2004,"2,9120","2,8960","2,9140","2,9040","0,0041"
23/03/2004,"2,9120","2,9060","2,9180","2,9060","0,0000"
24/03/2004,"2,9280","2,9140","2,9280","2,9180","0,0055"
25/03/2004,"2,9340","2,9250","2,9380","2,9270","0,0020"
26/03/2004,"2,9360","2,9425","2,9460","2,9360","0,0007"
29/03/2004,"2,9370","2,9370","2,9380","2,9320","0,0003"
30/03/2004,"2,9070","2,9390","2,9340","2,9070","-0,0102"
31/03/2004,"2,8950","2,9080","2,9130","2,8920","-0,0041"
01/04/2004,"2,8890","2,8910","2,8920","2,8850","-0,0021"
02/04/2004,"2,8930","2,8850","2,8990","2,8860","0,0014"
05/04/2004,"2,8740","2,8890","2,8990","2,8740","-0,0066"
06/04/2004,"2,8740","2,8755","2,8750","2,8690","0,0000"
07/04/2004,"2,8690","2,8750","2,8830","2,8660","-0,0017"
08/04/2004,"2,8840","2,8740","2,8840","2,8750","0,0052"
09/04/2004,"2,8820","2,8800","2,8820","2,8800","-0,0007"
12/04/2004,"2,8800","2,8900","2,8900","2,8800","-0,0007"
13/04/2004,"2,8910","2,8760","2,8910","2,8810","0,0038"
14/04/2004,"2,8860","2,8860","2,8980","2,8850","-0,0017"
15/04/2004,"2,9160","2,8830","2,9230","2,8960","0,0104"
16/04/2004,"2,9070","2,9150","2,9280","2,9050","-0,0031"
19/04/2004,"2,9040","2,9040","2,9130","2,9010","-0,0010"
20/04/2004,"2,9280","2,9020","2,9290","2,9090","0,0083"
21/04/2004,"2,9210","2,9250","2,9350","2,9210","-0,0024"
22/04/2004,"2,9260","2,9210","2,9400","2,9240","0,0017"
23/04/2004,"2,9090","2,9210","2,9260","2,9080","-0,0058"
26/04/2004,"2,9090","2,9040","2,9110","2,9040","0,0000"
27/04/2004,"2,9160","2,9050","2,9210","2,9090","0,0024"
28/04/2004,"2,9480","2,9160","2,9480","2,9220","0,0110"
29/04/2004,"2,9650","2,9503","2,9680","2,9420","0,0058"
30/04/2004,"2,9300","2,9610","2,9520","2,9300","-0,0118"
03/05/2004,"2,9760","2,9320","2,9920","2,9410","0,0157"
04/05/2004,"2,9670","2,9720","2,9810","2,9560","-0,0030"
05/05/2004,"2,9530","2,9688","2,9660","2,9530","-0,0047"
06/05/2004,"2,9960","2,9535","3,0050","2,9690","0,0146"
07/05/2004,"3,0610","2,9970","3,0860","3,0180","0,0217"
10/05/2004,"3,1400","3,0570","3,1480","3,0980","0,0258"
11/05/2004,"3,0740","3,1410","3,1380","3,0700","-0,0210"
12/05/2004,"3,1410","3,0700","3,1480","3,0700","0,0218"
13/05/2004,"3,1300","3,1413","3,1480","3,1080","-0,0035"
14/05/2004,"3,0900","3,1340","3,1320","3,0700","-0,0128"
17/05/2004,"3,1210","3,0860","3,1330","3,1080","0,0100"
18/05/2004,"3,1290","3,1218","3,1460","3,0940","0,0026"
19/05/2004,"3,1320","3,1300","3,1360","3,0880","0,0010"
20/05/2004,"3,2100","3,1640","3,2230","3,1480","0,0249"
21/05/2004,"3,1920","3,2118","3,2330","3,1830","-0,0056"
24/05/2004,"3,1780","3,1880","3,1980","3,1620","-0,0044"
25/05/2004,"3,1370","3,1780","3,1660","3,1360","-0,0129"
26/05/2004,"3,1610","3,1380","3,1780","3,1280","0,0077"
27/05/2004,"3,1200","3,1790","3,1730","3,1180","-0,0130"
28/05/2004,"3,0900","3,1190","3,1120","3,0880","-0,0096"
31/05/2004,"3,1880","3,0860","3,1980","3,0780","0,0317"
01/06/2004,"3,1440","3,1840","3,1700","3,1380","-0,0138"
02/06/2004,"3,1330","3,1453","3,1460","3,1160","-0,0035"
03/06/2004,"3,1530","3,1290","3,1630","3,1330","0,0064"
04/06/2004,"3,1290","3,1540","3,1430","3,1230","-0,0076"
07/06/2004,"3,1100","3,1280","3,1160","3,1060","-0,0061"
08/06/2004,"3,1090","3,1117","3,1200","3,1090","-0,0003"
09/06/2004,"3,1250","3,1100","3,1290","3,0940","0,0051"
10/06/2004,"3,1248","3,1248","3,1450","3,1070","-0,0001"
11/06/2004,"3,1390","3,1240","3,1470","3,1320","0,0045"
14/06/2004,"3,1680","3,1420","3,1680","3,1530","0,0092"
15/06/2004,"3,1220","3,1683","3,1480","3,1210","-0,0145"
16/06/2004,"3,1370","3,1233","3,1380","3,1170","0,0048"
17/06/2004,"3,1260","3,1390","3,1470","3,1250","-0,0035"
18/06/2004,"3,1400","3,1280","3,1420","3,1300","0,0045"
21/06/2004,"3,1320","3,1390","3,1330","3,1230","-0,0025"
22/06/2004,"3,1310","3,1323","3,1360","3,1280","-0,0003"
23/06/2004,"3,1190","3,1300","3,1350","3,1130","-0,0038"
24/06/2004,"3,0920","3,1065","3,1070","3,0900","-0,0087"
25/06/2004,"3,1090","3,0910","3,1150","3,1020","0,0055"
28/06/2004,"3,1270","3,1080","3,1350","3,1080","0,0058"
29/06/2004,"3,1080","3,1290","3,1330","3,1050","-0,0061"
30/06/2004,"3,0850","3,0680","3,1180","3,0850","-0,0074"
01/07/2004,"3,0740","3,0840","3,0850","3,0650","-0,0036"
02/07/2004,"3,0370","3,0720","3,0810","3,0350","-0,0120"
05/07/2004,"3,0210","3,0370","3,0460","3,0200","-0,0053"
06/07/2004,"3,0500","3,0275","3,0510","3,0230","0,0096"
07/07/2004,"3,0340","3,0470","3,0590","3,0240","-0,0052"
08/07/2004,"3,0575","3,0330","3,0630","3,0330","0,0077"
09/07/2004,"3,0425","3,0550","3,0560","3,0375","-0,0049"
12/07/2004,"3,0345","3,0390","3,0540","3,0260","-0,0026"
13/07/2004,"3,0390","3,0340","3,0500","3,0300","0,0015"
14/07/2004,"3,0250","3,0370","3,0420","3,0120","-0,0046"
15/07/2004,"3,0180","3,0230","3,0270","3,0090","-0,0023"
16/07/2004,"3,0000","3,0150","3,0200","2,9920","-0,0060"
19/07/2004,"2,9930","2,9990","2,9990","2,9860","-0,0023"
20/07/2004,"3,0040","2,9920","3,0100","2,9920","0,0037"
21/07/2004,"3,0280","3,0020","3,0465","2,9960","0,0080"
22/07/2004,"3,0390","3,0270","3,0580","3,0220","0,0036"
23/07/2004,"3,0560","3,0380","3,0610","3,0320","0,0056"
26/07/2004,"3,0740","3,0530","3,0770","3,0390","0,0059"
27/07/2004,"3,0630","3,0725","3,0760","3,0580","-0,0036"
28/07/2004,"3,0595","3,0610","3,0623","3,0460","-0,0011"
29/07/2004,"3,0395","3,0520","3,0520","3,0250","-0,0065"
30/07/2004,"3,0350","3,0340","3,0410","3,0180","-0,0015"
02/08/2004,"3,0450","3,0350","3,0570","3,0350","0,0033"
03/08/2004,"3,0500","3,0450","3,0620","3,0440","0,0016"
04/08/2004,"3,0538","3,0500","3,0660","3,0460","0,0012"
05/08/2004,"3,0712","3,0540","3,0713","3,0500","0,0057"
06/08/2004,"3,0320","3,0713","3,0770","3,0290","-0,0128"
09/08/2004,"3,0400","3,0300","3,0430","3,0250","0,0026"
10/08/2004,"3,0328","3,0400","3,0420","3,0150","-0,0024"
11/08/2004,"3,0330","3,0280","3,0420","3,0260","0,0001"
12/08/2004,"3,0350","3,0340","3,0370","3,0210","0,0007"
13/08/2004,"3,0200","3,0390","3,0415","3,0130","-0,0049"
16/08/2004,"3,0060","3,0195","3,0290","3,0040","-0,0046"
17/08/2004,"2,9970","3,0050","3,0070","2,9910","-0,0030"
18/08/2004,"2,9775","2,9960","3,0090","2,9740","-0,0065"
19/08/2004,"2,9865","2,9810","2,9865","2,9660","0,0030"
20/08/2004,"2,9650","2,9870","2,9920","2,9600","-0,0072"
23/08/2004,"2,9666","2,9640","2,9770","2,9530","0,0005"
24/08/2004,"2,9540","2,9610","2,9720","2,9480","-0,0042"
25/08/2004,"2,9500","2,9560","2,9630","2,9430","-0,0014"
26/08/2004,"2,9545","2,9490","2,9600","2,9460","0,0015"
27/08/2004,"2,9500","2,9530","2,9650","2,9430","-0,0015"
30/08/2004,"2,9410","2,9500","2,9610","2,9330","-0,0031"
31/08/2004,"2,9260","2,9460","2,9460","2,9210","-0,0051"
01/09/2004,"2,9300","2,9280","2,9340","2,9200","0,0014"
02/09/2004,"2,9380","2,9300","2,9410","2,9300","0,0027"
03/09/2004,"2,9250","2,9400","2,9420","2,9210","-0,0044"
06/09/2004,"2,9080","2,9280","2,9280","2,9080","-0,0058"
07/09/2004,"2,9000","2,9070","2,9080","2,9000","-0,0028"
08/09/2004,"2,8990","2,9070","2,9070","2,8940","-0,0003"
09/09/2004,"2,8995","2,9010","2,9080","2,8910","0,0002"
10/09/2004,"2,9020","2,8970","2,9028","2,8930","0,0009"
13/09/2004,"2,9070","2,8990","2,9090","2,8980","0,0017"
14/09/2004,"2,9050","2,9070","2,9150","2,9030","-0,0007"
15/09/2004,"2,9020","2,9070","2,9130","2,8950","-0,0010"
16/09/2004,"2,8840","2,9000","2,9000","2,8800","-0,0062"
17/09/2004,"2,8670","2,8850","2,8850","2,8640","-0,0059"
20/09/2004,"2,8730","2,8650","2,8750","2,8530","0,0021"
21/09/2004,"2,8640","2,8720","2,8810","2,8640","-0,0031"
22/09/2004,"2,8820","2,8650","2,8830","2,8550","0,0063"
23/09/2004,"2,8790","2,8790","2,8850","2,8620","-0,0010"
24/09/2004,"2,8690","2,8780","2,8880","2,8620","-0,0035"
27/09/2004,"2,8710","2,8680","2,8770","2,8660","0,0007"
28/09/2004,"2,8630","2,8700","2,8790","2,8580","-0,0028"
29/09/2004,"2,8520","2,8651","2,8690","2,8450","-0,0038"
30/09/2004,"2,8580","2,8510","2,8630","2,8450","0,0021"
01/10/2004,"2,8360","2,8600","2,8650","2,8340","-0,0077"
04/10/2004,"2,8240","2,8370","2,8390","2,8160","-0,0042"
05/10/2004,"2,8235","2,8230","2,8320","2,8120","-0,0002"
06/10/2004,"2,8390","2,8290","2,8420","2,8220","0,0055"
07/10/2004,"2,8480","2,8410","2,8560","2,8300","0,0032"
08/10/2004,"2,8300","2,8490","2,8490","2,8050","-0,0063"
11/10/2004,"2,8180","2,8260","2,8360","2,8140","-0,0042"
12/10/2004,"2,8220","2,8170","2,8290","2,8170","0,0014"
13/10/2004,"2,8410","2,8170","2,8480","2,8150","0,0067"
14/10/2004,"2,8730","2,8370","2,8790","2,8370","0,0113"
15/10/2004,"2,8550","2,8700","2,8950","2,8490","-0,0063"
18/10/2004,"2,8570","2,8540","2,8620","2,8430","0,0007"
19/10/2004,"2,8770","2,8560","2,8860","2,8520","0,0070"
20/10/2004,"2,8710","2,8760","2,8940","2,8680","-0,0021"
21/10/2004,"2,8570","2,8690","2,8790","2,8430","-0,0049"
22/10/2004,"2,8700","2,8550","2,8730","2,8360","0,0046"
25/10/2004,"2,8830","2,8680","2,8910","2,8650","0,0045"
26/10/2004,"2,8620","2,8810","2,8820","2,8611","-0,0073"
27/10/2004,"2,8560","2,8640","2,8670","2,8500","-0,0021"
28/10/2004,"2,8610","2,8560","2,8760","2,8550","0,0018"
29/10/2004,"2,8593","2,8640","2,8750","2,8500","-0,0006"
01/11/2004,"2,8530","2,8570","2,8720","2,8520","-0,0022"
02/11/2004,"2,8525","2,8510","2,8533","2,8420","-0,0002"
03/11/2004,"2,8280","2,8510","2,8510","2,8210","-0,0086"
04/11/2004,"2,8175","2,8260","2,8360","2,8100","-0,0037"
05/11/2004,"2,8190","2,8170","2,8315","2,8080","0,0005"
08/11/2004,"2,8360","2,8180","2,8390","2,8110","0,0060"
09/11/2004,"2,8275","2,8330","2,8360","2,8190","-0,0030"
10/11/2004,"2,8260","2,8240","2,8270","2,8150","-0,0005"
11/11/2004,"2,8180","2,8230","2,8230","2,8100","-0,0028"
12/11/2004,"2,7875","2,8060","2,8100","2,7850","-0,0108"
15/11/2004,"2,7900","2,7870","2,7920","2,7810","0,0009"
16/11/2004,"2,7850","2,7870","2,7950","2,7750","-0,0018"
17/11/2004,"2,7585","2,7840","2,7840","2,7560","-0,0095"
18/11/2004,"2,7770","2,7585","2,7795","2,7500","0,0067"
19/11/2004,"2,7845","2,7750","2,7885","2,7520","0,0027"
22/11/2004,"2,7540","2,7830","2,7830","2,7425","-0,0110"
23/11/2004,"2,7425","2,7520","2,7530","2,7315","-0,0042"
24/11/2004,"2,7535","2,7410","2,7650","2,7285","0,0040"
25/11/2004,"2,7430","2,7520","2,7590","2,7330","-0,0038"
26/11/2004,"2,7360","2,7420","2,7420","2,7185","-0,0026"
29/11/2004,"2,7470","2,7340","2,7550","2,7275","0,0040"
30/11/2004,"2,7190","2,7470","2,7510","2,7130","-0,0102"
01/12/2004,"2,7092","2,7160","2,7240","2,7000","-0,0036"
02/12/2004,"2,7300","2,7100","2,7380","2,7070","0,0077"
03/12/2004,"2,7085","2,7300","2,7360","2,6880","-0,0079"
06/12/2004,"2,7180","2,7060","2,7295","2,6940","0,0035"
07/12/2004,"2,7460","2,7160","2,7480","2,7080","0,0103"
08/12/2004,"2,7555","2,7550","2,7780","2,7510","0,0035"
09/12/2004,"2,7789","2,7560","2,7910","2,7490","0,0085"
10/12/2004,"2,7725","2,7780","2,8040","2,7690","-0,0023"
13/12/2004,"2,7560","2,7730","2,7755","2,7550","-0,0060"
14/12/2004,"2,7645","2,7560","2,7695","2,7435","0,0031"
15/12/2004,"2,7245","2,7645","2,7645","2,7190","-0,0145"
16/12/2004,"2,7410","2,7245","2,7440","2,7120","0,0061"
17/12/2004,"2,7110","2,7370","2,7410","2,7050","-0,0109"
20/12/2004,"2,6750","2,7080","2,7100","2,6725","-0,0133"
21/12/2004,"2,6980","2,6740","2,7020","2,6640","0,0086"
22/12/2004,"2,7045","2,6980","2,7100","2,6870","0,0024"
23/12/2004,"2,7005","2,7030","2,7140","2,6880","-0,0015"
24/12/2004,"2,6900","2,6990","2,7050","2,6880","-0,0039"
27/12/2004,"2,6855","2,7000","2,7075","2,6820","-0,0017"
28/12/2004,"2,6945","2,6850","2,6985","2,6800","0,0034"
29/12/2004,"2,6670","2,6890","2,6970","2,6620","-0,0102"
30/12/2004,"2,6540","2,6626","2,6632","2,6450","-0,0049"
31/12/2004,"2,6550","2,6550","2,6550","2,6550","0,0004"
03/01/2005,"2,6749","2,6600","2,6750","2,6510","0,0075"
04/01/2005,"2,7180","2,6710","2,7220","2,6710","0,0161"
05/01/2005,"2,7135","2,6970","2,7321","2,6900","-0,0017"
06/01/2005,"2,7208","2,7130","2,7330","2,7050","0,0027"
07/01/2005,"2,7110","2,7220","2,7280","2,6880","-0,0036"
10/01/2005,"2,7023","2,7090","2,7111","2,6850","-0,0032"
11/01/2005,"2,7203","2,7010","2,7255","2,6910","0,0067"
12/01/2005,"2,7040","2,7180","2,7310","2,6890","-0,0060"
13/01/2005,"2,7030","2,6960","2,7070","2,6880","-0,0004"
14/01/2005,"2,7005","2,6960","2,7140","2,6960","-0,0009"
17/01/2005,"2,6988","2,6992","2,7040","2,6945","-0,0006"
18/01/2005,"2,7170","2,6990","2,7215","2,6988","0,0067"
19/01/2005,"2,7088","2,7170","2,7215","2,6960","-0,0030"
20/01/2005,"2,7150","2,7080","2,7290","2,7080","0,0023"
21/01/2005,"2,6867","2,7145","2,7167","2,6810","-0,0104"
24/01/2005,"2,6785","2,6910","2,6910","2,6710","-0,0031"
25/01/2005,"2,6805","2,6780","2,6890","2,6690","0,0007"
26/01/2005,"2,6637","2,6870","2,6870","2,6595","-0,0063"
27/01/2005,"2,6690","2,6620","2,6740","2,6534","0,0020"
28/01/2005,"2,6440","2,6620","2,6745","2,6430","-0,0094"
31/01/2005,"2,6078","2,6500","2,6510","2,6045","-0,0137"
01/02/2005,"2,6070","2,6075","2,6220","2,5960","-0,0003"
02/02/2005,"2,6020","2,6070","2,6340","2,5990","-0,0019"
03/02/2005,"2,6008","2,6020","2,6137","2,5890","-0,0005"
04/02/2005,"2,6025","2,6020","2,6160","2,5845","0,0007"
07/02/2005,"2,6123","2,6110","2,6125","2,6000","0,0038"
08/02/2005,"2,6310","2,6110","2,6365","2,6000","0,0072"
09/02/2005,"2,6015","2,6320","2,6445","2,5930","-0,0112"
10/02/2005,"2,6168","2,6015","2,6200","2,6000","0,0059"
11/02/2005,"2,6015","2,6151","2,6240","2,5965","-0,0058"
14/02/2005,"2,5680","2,6020","2,6040","2,5675","-0,0129"
15/02/2005,"2,5838","2,5780","2,5920","2,5640","0,0062"
16/02/2005,"2,5850","2,5820","2,6025","2,5685","0,0005"
17/02/2005,"2,5633","2,5790","2,5790","2,5540","-0,0084"
18/02/2005,"2,5755","2,5600","2,5790","2,5480","0,0048"
21/02/2005,"2,5835","2,5660","2,5840","2,5660","0,0031"
22/02/2005,"2,5980","2,5725","2,6060","2,5650","0,0056"
23/02/2005,"2,5945","2,5994","2,6070","2,5750","-0,0013"
24/02/2005,"2,6350","2,5910","2,6455","2,5820","0,0156"
25/02/2005,"2,6172","2,6300","2,6515","2,6145","-0,0068"
28/02/2005,"2,5885","2,6160","2,6175","2,5800","-0,0110"
01/03/2005,"2,6285","2,5970","2,6380","2,5860","0,0155"
02/03/2005,"2,6365","2,6160","2,6505","2,6160","0,0030"
03/03/2005,"2,6783","2,6385","2,6783","2,6310","0,0159"
04/03/2005,"2,6545","2,6780","2,6960","2,6440","-0,0089"
07/03/2005,"2,6805","2,6530","2,6880","2,6470","0,0098"
08/03/2005,"2,6960","2,6760","2,7025","2,6700","0,0058"
09/03/2005,"2,7135","2,6910","2,7300","2,6890","0,0065"
10/03/2005,"2,7155","2,7160","2,7400","2,7060","0,0007"
11/03/2005,"2,7158","2,7110","2,7220","2,6900","0,0001"
14/03/2005,"2,7503","2,7170","2,7720","2,7158","0,0127"
15/03/2005,"2,7634","2,7470","2,7800","2,7370","0,0048"
16/03/2005,"2,7613","2,7628","2,7710","2,7360","-0,0008"
17/03/2005,"2,7165","2,7610","2,7848","2,7085","-0,0162"
18/03/2005,"2,7150","2,7170","2,7265","2,7050","-0,0006"
21/03/2005,"2,7255","2,7190","2,7410","2,7150","0,0039"
22/03/2005,"2,7415","2,7240","2,7490","2,6930","0,0059"
23/03/2005,"2,7455","2,7420","2,7610","2,7260","0,0015"
24/03/2005,"2,7395","2,7480","2,7487","2,7215","-0,0022"
25/03/2005,"2,7365","2,7421","2,7421","2,7365","-0,0011"
28/03/2005,"2,7245","2,7382","2,7505","2,7150","-0,0044"
29/03/2005,"2,6970","2,7245","2,7261","2,6925","-0,0101"
30/03/2005,"2,6745","2,6950","2,7075","2,6695","-0,0083"
31/03/2005,"2,6790","2,6750","2,6875","2,6510","0,0017"
01/04/2005,"2,6578","2,6650","2,6765","2,6410","-0,0079"
04/04/2005,"2,6400","2,6570","2,6725","2,6355","-0,0067"
05/04/2005,"2,6240","2,6335","2,6405","2,6160","-0,0061"
06/04/2005,"2,5985","2,6265","2,6275","2,5920","-0,0097"
07/04/2005,"2,5930","2,5928","2,6095","2,5850","-0,0021"
08/04/2005,"2,5840","2,5930","2,6035","2,5775","-0,0035"
11/04/2005,"2,5817","2,5840","2,5900","2,5700","-0,0009"
12/04/2005,"2,5736","2,5830","2,6040","2,5630","-0,0031"
13/04/2005,"2,5575","2,5720","2,5730","2,5480","-0,0063"
14/04/2005,"2,5900","2,5600","2,5910","2,5540","0,0127"
15/04/2005,"2,6138","2,5810","2,6190","2,5810","0,0092"
18/04/2005,"2,6060","2,6170","2,6260","2,6000","-0,0030"
19/04/2005,"2,5685","2,6060","2,6110","2,5650","-0,0144"
20/04/2005,"2,5626","2,5720","2,5750","2,5492","-0,0023"
21/04/2005,"2,5490","2,5590","2,5750","2,5450","-0,0053"
22/04/2005,"2,5365","2,5485","2,5626","2,5279","-0,0049"
25/04/2005,"2,5198","2,5350","2,5484","2,5160","-0,0066"
26/04/2005,"2,5370","2,5213","2,5485","2,5170","0,0068"
27/04/2005,"2,5135","2,5340","2,5370","2,5100","-0,0093"
28/04/2005,"2,5479","2,5140","2,5550","2,5050","0,0137"
29/04/2005,"2,5272","2,5500","2,5510","2,5210","-0,0081"
02/05/2005,"2,5080","2,5272","2,5290","2,5035","-0,0076"
03/05/2005,"2,4875","2,5105","2,5150","2,4820","-0,0082"
04/05/2005,"2,4644","2,4900","2,4910","2,4530","-0,0093"
05/05/2005,"2,4620","2,4649","2,4880","2,4550","-0,0010"
06/05/2005,"2,4560","2,4720","2,4720","2,4450","-0,0024"
09/05/2005,"2,4490","2,4590","2,4653","2,4440","-0,0029"
10/05/2005,"2,4755","2,4480","2,4795","2,4410","0,0108"
11/05/2005,"2,4515","2,4710","2,4910","2,4490","-0,0097"
12/05/2005,"2,4680","2,4525","2,4730","2,4500","0,0067"
13/05/2005,"2,4725","2,4650","2,4862","2,4527","0,0018"
16/05/2005,"2,4738","2,4725","2,4840","2,4682","0,0005"
17/05/2005,"2,4793","2,4730","2,4885","2,4640","0,0022"
18/05/2005,"2,4585","2,4807","2,4807","2,4545","-0,0084"
19/05/2005,"2,4420","2,4570","2,4590","2,4380","-0,0067"
20/05/2005,"2,4407","2,4417","2,4565","2,4374","-0,0005"
23/05/2005,"2,4260","2,4380","2,4430","2,4225","-0,0060"
24/05/2005,"2,4232","2,4240","2,4360","2,4220","-0,0012"
25/05/2005,"2,4078","2,4260","2,4299","2,4010","-0,0064"
26/05/2005,"2,4073","2,4070","2,4135","2,4050","-0,0002"
27/05/2005,"2,3810","2,4075","2,4078","2,3810","-0,0109"
30/05/2005,"2,3670","2,3837","2,3920","2,3620","-0,0059"
31/05/2005,"2,4085","2,3680","2,4210","2,3660","0,0175"
01/06/2005,"2,4551","2,3977","2,4591","2,3872","0,0193"
02/06/2005,"2,4170","2,4556","2,4690","2,4087","-0,0155"
03/06/2005,"2,4235","2,4110","2,4301","2,3866","0,0027"
06/06/2005,"2,4473","2,4240","2,4785","2,4230","0,0098"
07/06/2005,"2,4550","2,4470","2,4725","2,4355","0,0031"
08/06/2005,"2,4622","2,4545","2,4640","2,4350","0,0029"
09/06/2005,"2,4911","2,4617","2,5045","2,4505","0,0117"
10/06/2005,"2,4716","2,4951","2,4951","2,4626","-0,0078"
13/06/2005,"2,4505","2,4710","2,4754","2,4420","-0,0085"
14/06/2005,"2,4330","2,4495","2,4780","2,4234","-0,0071"
15/06/2005,"2,4218","2,4335","2,4530","2,4188","-0,0046"
16/06/2005,"2,4035","2,4331","2,4415","2,4015","-0,0076"
17/06/2005,"2,3700","2,4030","2,4070","2,3655","-0,0139"
20/06/2005,"2,3880","2,3840","2,3965","2,3715","0,0076"
21/06/2005,"2,3670","2,3910","2,3950","2,3665","-0,0088"
22/06/2005,"2,3855","2,3695","2,3855","2,3585","0,0078"
23/06/2005,"2,4040","2,3800","2,4049","2,3775","0,0078"
24/06/2005,"2,3725","2,4040","2,4070","2,3720","-0,0131"
27/06/2005,"2,3709","2,3840","2,3906","2,3630","-0,0007"
28/06/2005,"2,3650","2,3709","2,3730","2,3585","-0,0025"
29/06/2005,"2,3550","2,3643","2,3710","2,3445","-0,0042"
30/06/2005,"2,3349","2,3530","2,3655","2,3295","-0,0085"
01/07/2005,"2,3550","2,3354","2,3573","2,3255","0,0086"
04/07/2005,"2,3670","2,3550","2,3773","2,3370","0,0051"
05/07/2005,"2,3751","2,3630","2,3795","2,3550","0,0034"
06/07/2005,"2,3955","2,3756","2,3975","2,3720","0,0086"
07/07/2005,"2,3763","2,3930","2,4070","2,3684","-0,0080"
08/07/2005,"2,3739","2,3675","2,3850","2,3515","-0,0010"
11/07/2005,"2,3290","2,3720","2,3750","2,3290","-0,0189"
12/07/2005,"2,3355","2,3395","2,3420","2,3211","0,0028"
13/07/2005,"2,3555","2,3355","2,3580","2,3260","0,0086"
14/07/2005,"2,3340","2,3570","2,3580","2,3285","-0,0091"
15/07/2005,"2,3365","2,3360","2,3512","2,3260","0,0011"
18/07/2005,"2,3345","2,3370","2,3400","2,3200","-0,0009"
19/07/2005,"2,3414","2,3345","2,3493","2,3320","0,0030"
20/07/2005,"2,3370","2,3430","2,3635","2,3350","-0,0019"
21/07/2005,"2,3645","2,3373","2,3655","2,3216","0,0118"
22/07/2005,"2,3970","2,3640","2,3980","2,3519","0,0137"
25/07/2005,"2,4836","2,3975","2,4865","2,3975","0,0361"
26/07/2005,"2,4305","2,4823","2,5117","2,4250","-0,0214"
27/07/2005,"2,4405","2,4315","2,4815","2,4140","0,0041"
28/07/2005,"2,4052","2,4460","2,4460","2,3965","-0,0145"
29/07/2005,"2,3790","2,4080","2,4140","2,3725","-0,0109"
01/08/2005,"2,3640","2,3835","2,3960","2,3590","-0,0063"
02/08/2005,"2,3350","2,3670","2,3765","2,3330","-0,0123"
03/08/2005,"2,3175","2,3320","2,3425","2,3025","-0,0075"
04/08/2005,"2,3015","2,3135","2,3270","2,2855","-0,0069"
05/08/2005,"2,3119","2,3030","2,3200","2,2815","0,0045"
08/08/2005,"2,3271","2,3070","2,3304","2,2885","0,0066"
09/08/2005,"2,2950","2,3274","2,3393","2,2821","-0,0138"
10/08/2005,"2,2772","2,2920","2,2930","2,2614","-0,0078"
11/08/2005,"2,3564","2,2770","2,3645","2,2734","0,0348"
12/08/2005,"2,3725","2,3420","2,4024","2,3420","0,0068"
15/08/2005,"2,3330","2,3765","2,3770","2,3250","-0,0166"
16/08/2005,"2,3455","2,3320","2,3615","2,3140","0,0054"
17/08/2005,"2,3525","2,3455","2,3630","2,3335","0,0030"
18/08/2005,"2,4030","2,3495","2,4060","2,3355","0,0215"
19/08/2005,"2,4481","2,4030","2,4481","2,3745","0,0188"
22/08/2005,"2,3715","2,4482","2,4510","2,3715","-0,0313"
23/08/2005,"2,3990","2,3740","2,4235","2,3705","0,0116"
24/08/2005,"2,4510","2,3985","2,4575","2,3985","0,0217"
25/08/2005,"2,3990","2,4455","2,4501","2,3915","-0,0212"
26/08/2005,"2,4015","2,3996","2,4317","2,3805","0,0010"
29/08/2005,"2,3830","2,4010","2,4170","2,3790","-0,0077"
30/08/2005,"2,3784","2,3885","2,3950","2,3700","-0,0019"
31/08/2005,"2,3540","2,3820","2,3860","2,3480","-0,0103"
01/09/2005,"2,3545","2,3540","2,3725","2,3445","0,0002"
02/09/2005,"2,3290","2,3600","2,3610","2,3270","-0,0108"
05/09/2005,"2,3310","2,3290","2,3410","2,3130","0,0009"
06/09/2005,"2,3192","2,3350","2,3390","2,3150","-0,0051"
07/09/2005,"2,3285","2,3230","2,3290","2,3210","0,0040"
08/09/2005,"2,3182","2,3280","2,3290","2,3115","-0,0044"
09/09/2005,"2,3085","2,3180","2,3320","2,3055","-0,0042"
12/09/2005,"2,3180","2,3085","2,3275","2,3075","0,0041"
13/09/2005,"2,3248","2,3180","2,3345","2,3110","0,0029"
14/09/2005,"2,3185","2,3248","2,3397","2,3180","-0,0027"
15/09/2005,"2,2980","2,3260","2,3270","2,2900","-0,0088"
16/09/2005,"2,2973","2,2940","2,3048","2,2835","-0,0003"
19/09/2005,"2,2930","2,2973","2,3100","2,2810","-0,0019"
20/09/2005,"2,2945","2,2930","2,3017","2,2875","0,0007"
21/09/2005,"2,2726","2,2980","2,3000","2,2680","-0,0095"
22/09/2005,"2,2733","2,2720","2,2945","2,2612","0,0003"
23/09/2005,"2,2630","2,2730","2,2780","2,2585","-0,0045"
26/09/2005,"2,2485","2,2630","2,2706","2,2431","-0,0064"
27/09/2005,"2,2585","2,2485","2,2635","2,2410","0,0044"
28/09/2005,"2,2265","2,2590","2,2605","2,2256","-0,0142"
29/09/2005,"2,2095","2,2320","2,2455","2,2065","-0,0076"
30/09/2005,"2,2265","2,2100","2,2340","2,2050","0,0077"
03/10/2005,"2,2367","2,2355","2,2485","2,2220","0,0046"
04/10/2005,"2,2605","2,2270","2,2660","2,2270","0,0106"
05/10/2005,"2,2660","2,2570","2,2818","2,2550","0,0024"
06/10/2005,"2,2905","2,2660","2,3045","2,2645","0,0108"
07/10/2005,"2,2484","2,2890","2,2940","2,2445","-0,0184"
10/10/2005,"2,2400","2,2460","2,2489","2,2290","-0,0037"
11/10/2005,"2,2320","2,2370","2,2440","2,2275","-0,0036"
12/10/2005,"2,2530","2,2320","2,2640","2,2305","0,0094"
13/10/2005,"2,2575","2,2335","2,2830","2,2330","0,0020"
14/10/2005,"2,2435","2,2550","2,2730","2,2335","-0,0062"
17/10/2005,"2,2345","2,2420","2,2430","2,2215","-0,0040"
18/10/2005,"2,2405","2,2324","2,2499","2,2270","0,0027"
19/10/2005,"2,2370","2,2380","2,2585","2,2360","-0,0016"
20/10/2005,"2,2480","2,2408","2,2670","2,2285","0,0049"
21/10/2005,"2,2615","2,2470","2,2800","2,2430","0,0060"
24/10/2005,"2,2600","2,2605","2,2695","2,2535","-0,0007"
25/10/2005,"2,2625","2,2585","2,2699","2,2540","0,0011"
26/10/2005,"2,2863","2,2610","2,2863","2,2610","0,0105"
27/10/2005,"2,2885","2,2880","2,2950","2,2745","0,0010"
28/10/2005,"2,2640","2,2860","2,2900","2,2600","-0,0107"
31/10/2005,"2,2518","2,2610","2,2710","2,2455","-0,0054"
01/11/2005,"2,2415","2,2490","2,2590","2,2395","-0,0046"
02/11/2005,"2,2370","2,2420","2,2446","2,2360","-0,0020"
03/11/2005,"2,2205","2,2390","2,2425","2,2150","-0,0074"
04/11/2005,"2,2105","2,2205","2,2338","2,2075","-0,0045"
07/11/2005,"2,2054","2,2050","2,2085","2,1940","-0,0023"
08/11/2005,"2,1920","2,2000","2,2130","2,1805","-0,0061"
09/11/2005,"2,1740","2,1860","2,1860","2,1580","-0,0082"
10/11/2005,"2,1620","2,1739","2,1890","2,1565","-0,0055"
11/11/2005,"2,1600","2,1650","2,1685","2,1510","-0,0009"
14/11/2005,"2,2078","2,1895","2,2120","2,1780","0,0221"
15/11/2005,"2,2040","2,2070","2,2095","2,2000","-0,0017"
16/11/2005,"2,2000","2,2070","2,2080","2,1880","-0,0018"
17/11/2005,"2,1935","2,1990","2,1990","2,1800","-0,0030"
18/11/2005,"2,2240","2,1870","2,2289","2,1870","0,0139"
21/11/2005,"2,2185","2,2250","2,2271","2,2075","-0,0025"
22/11/2005,"2,2465","2,2185","2,2670","2,2185","0,0126"
23/11/2005,"2,2375","2,2389","2,2459","2,2270","-0,0040"
24/11/2005,"2,2390","2,2466","2,2473","2,2275","0,0007"
25/11/2005,"2,2325","2,2397","2,2410","2,2265","-0,0029"
28/11/2005,"2,1965","2,2328","2,2406","2,1920","-0,0161"
29/11/2005,"2,1868","2,2000","2,2071","2,1830","-0,0044"
30/11/2005,"2,2020","2,1916","2,2167","2,1860","0,0070"
01/12/2005,"2,2223","2,2024","2,2247","2,2019","0,0092"
02/12/2005,"2,2068","2,2180","2,2204","2,1925","-0,0070"
05/12/2005,"2,1940","2,2060","2,2124","2,1895","-0,0058"
06/12/2005,"2,1740","2,1942","2,1990","2,1640","-0,0091"
07/12/2005,"2,1950","2,1740","2,1990","2,1570","0,0097"
08/12/2005,"2,2197","2,1930","2,2279","2,1930","0,0113"
09/12/2005,"2,2500","2,2208","2,2575","2,2208","0,0137"
12/12/2005,"2,2600","2,2520","2,2695","2,2490","0,0044"
13/12/2005,"2,2600","2,2599","2,2699","2,2400","0,0000"
14/12/2005,"2,2680","2,2620","2,2893","2,2585","0,0035"
15/12/2005,"2,2973","2,2680","2,3057","2,2679","0,0129"
16/12/2005,"2,3355","2,3055","2,3495","2,2965","0,0166"
19/12/2005,"2,3785","2,3459","2,3990","2,3380","0,0184"
20/12/2005,"2,3465","2,3790","2,3800","2,3310","-0,0135"
21/12/2005,"2,3070","2,3480","2,3480","2,2976","-0,0168"
22/12/2005,"2,3395","2,3040","2,3453","2,2890","0,0141"
23/12/2005,"2,3135","2,3280","2,3620","2,3025","-0,0111"
26/12/2005,"2,3395","2,3150","2,3424","2,3135","0,0112"
27/12/2005,"2,3355","2,3340","2,3640","2,3285","-0,0017"
28/12/2005,"2,3395","2,3360","2,3540","2,3239","0,0017"
29/12/2005,"2,3243","2,3420","2,3545","2,3145","-0,0065"
30/12/2005,"2,3368","2,3220","2,3368","2,3220","0,0054"
02/01/2006,"2,3349","2,3325","2,3390","2,3285","-0,0008"
03/01/2006,"2,3254","2,3370","2,3530","2,3235","-0,0041"
04/01/2006,"2,2845","2,3280","2,3313","2,2763","-0,0176"
05/01/2006,"2,2882","2,2870","2,2918","2,2640","0,0016"
06/01/2006,"2,2815","2,2818","2,2960","2,2755","-0,0029"
09/01/2006,"2,2470","2,2805","2,2805","2,2410","-0,0151"
10/01/2006,"2,2603","2,2470","2,2705","2,2370","0,0059"
11/01/2006,"2,2788","2,2603","2,2863","2,2520","0,0082"
12/01/2006,"2,2741","2,2810","2,2838","2,2565","-0,0021"
13/01/2006,"2,2710","2,2738","2,2820","2,2590","-0,0014"
16/01/2006,"2,2700","2,2815","2,2860","2,2665","-0,0004"
17/01/2006,"2,3020","2,2701","2,3205","2,2696","0,0141"
18/01/2006,"2,3150","2,3090","2,3389","2,3090","0,0056"
19/01/2006,"2,2813","2,3175","2,3383","2,2800","-0,0146"
20/01/2006,"2,2772","2,2920","2,2970","2,2600","-0,0018"
23/01/2006,"2,2555","2,2815","2,2815","2,2491","-0,0095"
24/01/2006,"2,2395","2,2540","2,2541","2,2324","-0,0071"
25/01/2006,"2,2430","2,2410","2,2490","2,2320","0,0016"
26/01/2006,"2,2275","2,2440","2,2539","2,2245","-0,0069"
27/01/2006,"2,2085","2,2275","2,2302","2,2000","-0,0085"
30/01/2006,"2,2110","2,2200","2,2240","2,1960","0,0011"
31/01/2006,"2,2110","2,2140","2,2215","2,1950","0,0000"
01/02/2006,"2,2235","2,2105","2,2320","2,2095","0,0057"
02/02/2006,"2,2255","2,2170","2,2366","2,2030","0,0009"
03/02/2006,"2,2085","2,2240","2,2390","2,1990","-0,0076"
06/02/2006,"2,1740","2,2085","2,2085","2,1710","-0,0156"
07/02/2006,"2,1895","2,1810","2,1951","2,1700","0,0071"
08/02/2006,"2,1848","2,1840","2,2085","2,1800","-0,0021"
09/02/2006,"2,1690","2,1840","2,1848","2,1633","-0,0072"
10/02/2006,"2,1605","2,1680","2,1680","2,1456","-0,0039"
13/02/2006,"2,1590","2,1630","2,1724","2,1495","-0,0007"
14/02/2006,"2,1370","2,1510","2,1611","2,1315","-0,0102"
15/02/2006,"2,1305","2,1350","2,1483","2,1215","-0,0030"
16/02/2006,"2,1150","2,1350","2,1350","2,1084","-0,0073"
17/02/2006,"2,1235","2,1130","2,1297","2,1000","0,0040"
20/02/2006,"2,1165","2,1230","2,1291","2,1106","-0,0033"
21/02/2006,"2,1650","2,1140","2,1714","2,1030","0,0229"
22/02/2006,"2,1395","2,1645","2,1855","2,1265","-0,0118"
23/02/2006,"2,1320","2,1305","2,1540","2,1150","-0,0035"
24/02/2006,"2,1380","2,1305","2,1445","2,1240","0,0028"
27/02/2006,"2,1390","2,1305","2,1523","2,1305","0,0005"
28/02/2006,"2,1220","2,1370","2,1380","2,1180","-0,0079"
01/03/2006,"2,1134","2,1305","2,1388","2,1104","-0,0041"
02/03/2006,"2,1030","2,1130","2,1240","2,1010","-0,0049"
03/03/2006,"2,1103","2,1025","2,1272","2,1025","0,0035"
06/03/2006,"2,1455","2,1185","2,1541","2,1110","0,0167"
07/03/2006,"2,1560","2,1375","2,1798","2,1340","0,0049"
08/03/2006,"2,1785","2,1400","2,1958","2,1400","0,0104"
09/03/2006,"2,1605","2,1785","2,1840","2,1505","-0,0083"
10/03/2006,"2,1358","2,1610","2,1623","2,1344","-0,0114"
13/03/2006,"2,1324","2,1360","2,1430","2,1260","-0,0016"
14/03/2006,"2,1193","2,1300","2,1480","2,1140","-0,0061"
15/03/2006,"2,1142","2,1225","2,1276","2,1120","-0,0024"
16/03/2006,"2,1125","2,1142","2,1255","2,0955","-0,0008"
17/03/2006,"2,1230","2,1070","2,1276","2,1060","0,0050"
20/03/2006,"2,1487","2,1320","2,1531","2,1167","0,0121"
21/03/2006,"2,1690","2,1477","2,1785","2,1415","0,0094"
22/03/2006,"2,1529","2,1710","2,1770","2,1450","-0,0074"
23/03/2006,"2,1601","2,1510","2,1740","2,1350","0,0033"
24/03/2006,"2,1575","2,1590","2,1799","2,1480","-0,0012"
27/03/2006,"2,1790","2,1721","2,2037","2,1640","0,0100"
28/03/2006,"2,2425","2,1725","2,2447","2,1690","0,0291"
29/03/2006,"2,2135","2,2335","2,2448","2,2005","-0,0129"
30/03/2006,"2,1871","2,2135","2,2135","2,1810","-0,0119"
31/03/2006,"2,1630","2,1830","2,2016","2,1600","-0,0110"
03/04/2006,"2,1388","2,1643","2,1750","2,1300","-0,0112"
04/04/2006,"2,1316","2,1388","2,1395","2,1185","-0,0034"
05/04/2006,"2,1315","2,1306","2,1414","2,1190","0,0000"
06/04/2006,"2,1270","2,1265","2,1434","2,1215","-0,0021"
07/04/2006,"2,1475","2,1296","2,1599","2,1156","0,0096"
10/04/2006,"2,1546","2,1477","2,1590","2,1430","0,0033"
11/04/2006,"2,1390","2,1477","2,1547","2,1290","-0,0072"
12/04/2006,"2,1345","2,1390","2,1460","2,1220","-0,0021"
13/04/2006,"2,1370","2,1345","2,1495","2,1300","0,0012"
14/04/2006,"2,1390","2,1370","2,1390","2,1360","0,0009"
17/04/2006,"2,1364","2,1390","2,1424","2,1270","-0,0012"
18/04/2006,"2,1140","2,1390","2,1390","2,1135","-0,0105"
19/04/2006,"2,1147","2,1140","2,1215","2,1070","0,0003"
20/04/2006,"2,1198","2,1150","2,1304","2,1110","0,0024"
21/04/2006,"2,1199","2,1285","2,1285","2,1150","0,0000"
24/04/2006,"2,1120","2,1199","2,1248","2,1099","-0,0037"
25/04/2006,"2,1290","2,1148","2,1307","2,1085","0,0080"
26/04/2006,"2,1165","2,1199","2,1390","2,1148","-0,0059"
27/04/2006,"2,1008","2,1199","2,1291","2,0999","-0,0074"
28/04/2006,"2,0855","2,1030","2,1220","2,0815","-0,0073"
01/05/2006,"2,0785","2,0855","2,0855","2,0775","-0,0034"
02/05/2006,"2,0605","2,0855","2,0890","2,0560","-0,0087"
03/05/2006,"2,0745","2,0570","2,0765","2,0545","0,0068"
04/05/2006,"2,0700","2,0720","2,0780","2,0580","-0,0022"
05/05/2006,"2,0540","2,0670","2,0710","2,0506","-0,0077"
08/05/2006,"2,0685","2,0540","2,0738","2,0500","0,0071"
09/05/2006,"2,0590","2,0710","2,0794","2,0541","-0,0046"
10/05/2006,"2,0725","2,0580","2,0750","2,0485","0,0066"
11/05/2006,"2,0955","2,0730","2,1051","2,0705","0,0111"
12/05/2006,"2,1430","2,0985","2,1501","2,0955","0,0227"
15/05/2006,"2,1635","2,1440","2,2155","2,1370","0,0096"
16/05/2006,"2,1345","2,1635","2,1840","2,1230","-0,0134"
17/05/2006,"2,2060","2,1345","2,2106","2,1261","0,0335"
18/05/2006,"2,1775","2,2000","2,2090","2,1639","-0,0129"
19/05/2006,"2,2075","2,1695","2,2161","2,1590","0,0138"
22/05/2006,"2,2812","2,2075","2,3170","2,2070","0,0334"
23/05/2006,"2,3531","2,2812","2,3561","2,2475","0,0315"
24/05/2006,"2,3245","2,3510","2,4030","2,3140","-0,0122"
25/05/2006,"2,2740","2,3245","2,3890","2,2685","-0,0217"
26/05/2006,"2,2395","2,2735","2,2840","2,2270","-0,0152"
29/05/2006,"2,2725","2,2333","2,2910","2,2265","0,0147"
30/05/2006,"2,3120","2,2720","2,3675","2,2720","0,0174"
31/05/2006,"2,3036","2,3150","2,3287","2,2805","-0,0036"
01/06/2006,"2,2435","2,3200","2,3253","2,2396","-0,0261"
02/06/2006,"2,2755","2,2500","2,2912","2,2100","0,0143"
05/06/2006,"2,2625","2,2750","2,2750","2,2386","-0,0057"
06/06/2006,"2,2395","2,2642","2,2813","2,2355","-0,0102"
07/06/2006,"2,2520","2,2550","2,2740","2,2316","0,0056"
08/06/2006,"2,2580","2,2570","2,2905","2,2380","0,0027"
09/06/2006,"2,2582","2,2660","2,2715","2,2420","0,0001"
12/06/2006,"2,2980","2,2580","2,3100","2,2510","0,0176"
13/06/2006,"2,3075","2,2870","2,3340","2,2870","0,0041"
14/06/2006,"2,2820","2,3010","2,3265","2,2685","-0,0111"
15/06/2006,"2,2620","2,2750","2,2790","2,2550","-0,0088"
16/06/2006,"2,2475","2,2620","2,2790","2,2360","-0,0064"
19/06/2006,"2,2480","2,2450","2,2616","2,2258","0,0002"
20/06/2006,"2,2335","2,2475","2,2655","2,2330","-0,0065"
21/06/2006,"2,2231","2,2397","2,2560","2,2231","-0,0047"
22/06/2006,"2,2380","2,2288","2,2455","2,2278","0,0067"
23/06/2006,"2,2300","2,2370","2,2625","2,2265","-0,0036"
26/06/2006,"2,2387","2,2205","2,2432","2,2130","0,0039"
27/06/2006,"2,2349","2,2382","2,2430","2,2210","-0,0017"
28/06/2006,"2,2190","2,2350","2,2395","2,2135","-0,0071"
29/06/2006,"2,1763","2,2185","2,2200","2,1663","-0,0192"
30/06/2006,"2,1644","2,1760","2,1893","2,1520","-0,0055"
03/07/2006,"2,1696","2,1590","2,1815","2,1558","0,0024"
04/07/2006,"2,1695","2,1696","2,1783","2,1530","0,0000"
05/07/2006,"2,2065","2,1790","2,2094","2,1785","0,0171"
06/07/2006,"2,1765","2,1970","2,2080","2,1695","-0,0136"
07/07/2006,"2,1805","2,1720","2,1870","2,1550","0,0018"
10/07/2006,"2,1778","2,1893","2,1893","2,1660","-0,0012"
11/07/2006,"2,1820","2,1773","2,1910","2,1717","0,0019"
12/07/2006,"2,2010","2,1790","2,2040","2,1790","0,0087"
13/07/2006,"2,2130","2,1893","2,2241","2,1893","0,0055"
14/07/2006,"2,2140","2,2081","2,2221","2,2047","0,0005"
17/07/2006,"2,1997","2,2140","2,2200","2,1987","-0,0065"
18/07/2006,"2,1910","2,2020","2,2075","2,1830","-0,0040"
19/07/2006,"2,1755","2,1910","2,1963","2,1730","-0,0071"
20/07/2006,"2,1914","2,1750","2,1985","2,1724","0,0073"
21/07/2006,"2,1970","2,1904","2,2045","2,1830","0,0026"
24/07/2006,"2,1887","2,1970","2,1980","2,1835","-0,0038"
25/07/2006,"2,2005","2,1980","2,2034","2,1840","0,0054"
26/07/2006,"2,1916","2,2005","2,2150","2,1887","-0,0040"
27/07/2006,"2,1915","2,1905","2,1940","2,1831","0,0000"
28/07/2006,"2,1739","2,1890","2,2040","2,1727","-0,0080"
31/07/2006,"2,1760","2,1720","2,1908","2,1695","0,0010"
01/08/2006,"2,1902","2,1741","2,1970","2,1745","0,0065"
02/08/2006,"2,1806","2,1890","2,1920","2,1735","-0,0044"
03/08/2006,"2,1741","2,1890","2,1920","2,1751","-0,0030"
04/08/2006,"2,1798","2,1890","2,1890","2,1658","0,0026"
07/08/2006,"2,1827","2,1890","2,1907","2,1725","0,0013"
08/08/2006,"2,1705","2,1890","2,1895","2,1697","-0,0056"
09/08/2006,"2,1645","2,1800","2,1890","2,1609","-0,0028"
10/08/2006,"2,1555","2,1760","2,1760","2,1552","-0,0042"
11/08/2006,"2,1638","2,1570","2,1665","2,1538","0,0039"
14/08/2006,"2,1615","2,1760","2,1760","2,1540","-0,0011"
15/08/2006,"2,1425","2,1659","2,1659","2,1363","-0,0088"
16/08/2006,"2,1399","2,1380","2,1450","2,1255","-0,0012"
17/08/2006,"2,1397","2,1350","2,1430","2,1275","-0,0001"
18/08/2006,"2,1459","2,1390","2,1505","2,1348","0,0029"
21/08/2006,"2,1276","2,1410","2,1454","2,1281","-0,0085"
22/08/2006,"2,1347","2,1290","2,1397","2,1273","0,0033"
23/08/2006,"2,1511","2,1280","2,1531","2,1261","0,0077"
24/08/2006,"2,1535","2,1501","2,1683","2,1325","0,0011"
25/08/2006,"2,1551","2,1500","2,1633","2,1463","0,0007"
28/08/2006,"2,1393","2,1500","2,1603","2,1356","-0,0073"
29/08/2006,"2,1356","2,1405","2,1462","2,1327","-0,0017"
30/08/2006,"2,1360","2,1356","2,1520","2,1247","0,0002"
31/08/2006,"2,1419","2,1350","2,1461","2,1220","0,0028"
01/09/2006,"2,1375","2,1500","2,1516","2,1365","-0,0021"
04/09/2006,"2,1215","2,1375","2,1375","2,1212","-0,0075"
05/09/2006,"2,1371","2,1210","2,1381","2,1230","0,0074"
06/09/2006,"2,1494","2,1298","2,1519","2,1309","0,0058"
07/09/2006,"2,1498","2,1480","2,1565","2,1500","0,0002"
08/09/2006,"2,1571","2,1520","2,1635","2,1498","0,0034"
11/09/2006,"2,1841","2,1575","2,1859","2,1579","0,0125"
12/09/2006,"2,1665","2,1830","2,1871","2,1647","-0,0081"
13/09/2006,"2,1585","2,1575","2,1767","2,1558","-0,0037"
14/09/2006,"2,1585","2,1570","2,1698","2,1472","0,0000"
15/09/2006,"2,1502","2,1575","2,1620","2,1489","-0,0038"
18/09/2006,"2,1469","2,1520","2,1575","2,1398","-0,0015"
19/09/2006,"2,1588","2,1520","2,1658","2,1407","0,0055"
20/09/2006,"2,1739","2,1520","2,1809","2,1445","0,0070"
21/09/2006,"2,2017","2,1750","2,2175","2,1668","0,0128"
22/09/2006,"2,2060","2,2020","2,2265","2,2025","0,0020"
25/09/2006,"2,2185","2,2060","2,2350","2,1965","0,0057"
26/09/2006,"2,1845","2,2165","2,2210","2,1849","-0,0153"
27/09/2006,"2,1852","2,1900","2,1925","2,1777","0,0003"
28/09/2006,"2,1705","2,1845","2,1903","2,1680","-0,0067"
29/09/2006,"2,1723","2,1700","2,1855","2,1562","0,0008"
02/10/2006,"2,1565","2,1670","2,1755","2,1547","-0,0073"
03/10/2006,"2,1753","2,1550","2,1790","2,1555","0,0087"
04/10/2006,"2,1630","2,1710","2,1773","2,1590","-0,0057"
05/10/2006,"2,1582","2,1590","2,1691","2,1535","-0,0022"
06/10/2006,"2,1610","2,1570","2,1745","2,1579","0,0013"
09/10/2006,"2,1540","2,1610","2,1725","2,1533","-0,0032"
10/10/2006,"2,1555","2,1540","2,1570","2,1450","0,0007"
11/10/2006,"2,1585","2,1500","2,1650","2,1478","0,0014"
12/10/2006,"2,1500","2,1638","2,1638","2,1500","-0,0039"
13/10/2006,"2,1365","2,1560","2,1560","2,1340","-0,0063"
16/10/2006,"2,1305","2,1340","2,1445","2,1255","-0,0028"
17/10/2006,"2,1310","2,1284","2,1460","2,1258","0,0002"
18/10/2006,"2,1350","2,1310","2,1411","2,1225","0,0019"
19/10/2006,"2,1460","2,1350","2,1470","2,1260","0,0052"
20/10/2006,"2,1385","2,1390","2,1525","2,1355","-0,0035"
23/10/2006,"2,1372","2,1380","2,1475","2,1357","-0,0006"
24/10/2006,"2,1521","2,1320","2,1585","2,1315","0,0070"
25/10/2006,"2,1435","2,1480","2,1580","2,1411","-0,0040"
26/10/2006,"2,1385","2,1430","2,1430","2,1280","-0,0023"
27/10/2006,"2,1342","2,1415","2,1439","2,1280","-0,0020"
30/10/2006,"2,1510","2,1356","2,1510","2,1356","0,0079"
31/10/2006,"2,1418","2,1472","2,1472","2,1260","-0,0043"
01/11/2006,"2,1420","2,1420","2,1440","2,1345","0,0001"
02/11/2006,"2,1425","2,1390","2,1435","2,1407","0,0002"
03/11/2006,"2,1395","2,1373","2,1500","2,1370","-0,0014"
06/11/2006,"2,1357","2,1373","2,1400","2,1338","-0,0018"
07/11/2006,"2,1365","2,1355","2,1410","2,1309","0,0004"
08/11/2006,"2,1450","2,1373","2,1495","2,1384","0,0040"
09/11/2006,"2,1440","2,1433","2,1479","2,1377","-0,0005"
10/11/2006,"2,1510","2,1433","2,1530","2,1389","0,0033"
13/11/2006,"2,1610","2,1505","2,1710","2,1495","0,0046"
14/11/2006,"2,1490","2,1615","2,1621","2,1460","-0,0056"
15/11/2006,"2,1475","2,1485","2,1485","2,1495","-0,0007"
16/11/2006,"2,1550","2,1485","2,1560","2,1419","0,0035"
17/11/2006,"2,1575","2,1503","2,1670","2,1488","0,0012"
20/11/2006,"2,1570","2,1600","2,1620","2,1582","-0,0002"
21/11/2006,"2,1616","2,1560","2,1670","2,1555","0,0021"
22/11/2006,"2,1650","2,1615","2,1684","2,1555","0,0016"
23/11/2006,"2,1670","2,1621","2,1710","2,1619","0,0009"
24/11/2006,"2,1680","2,1681","2,1740","2,1636","0,0005"
27/11/2006,"2,1990","2,1680","2,2030","2,1682","0,0143"
28/11/2006,"2,1790","2,1990","2,1990","2,1800","-0,0091"
29/11/2006,"2,1630","2,1789","2,1840","2,1643","-0,0073"
30/11/2006,"2,1640","2,1630","2,1730","2,1600","0,0005"
01/12/2006,"2,1650","2,1630","2,1730","2,1595","0,0005"
04/12/2006,"2,1634","2,1630","2,1730","2,1570","-0,0007"
05/12/2006,"2,1470","2,1630","2,1630","2,1465","-0,0076"
06/12/2006,"2,1460","2,1636","2,1636","2,1441","-0,0005"
07/12/2006,"2,1445","2,1458","2,1526","2,1399","-0,0007"
08/12/2006,"2,1377","2,1450","2,1492","2,1359","-0,0032"
11/12/2006,"2,1360","2,1387","2,1445","2,1354","-0,0008"
12/12/2006,"2,1500","2,1385","2,1530","2,1369","0,0066"
13/12/2006,"2,1465","2,1474","2,1520","2,1426","-0,0016"
14/12/2006,"2,1455","2,1470","2,1520","2,1398","-0,0005"
15/12/2006,"2,1450","2,1450","2,1515","2,1409","-0,0002"
18/12/2006,"2,1492","2,1450","2,1512","2,1426","0,0020"
19/12/2006,"2,1565","2,1512","2,1625","2,1484","0,0034"
20/12/2006,"2,1578","2,1566","2,1630","2,1505","0,0006"
21/12/2006,"2,1603","2,1568","2,1628","2,1530","0,0012"
22/12/2006,"2,1465","2,1580","2,1591","2,1458","-0,0064"
25/12/2006,"2,1465","2,1465","2,1465","2,1465","0,0000"
26/12/2006,"2,1419","2,1460","2,1491","2,1400","-0,0021"
27/12/2006,"2,1445","2,1417","2,1495","2,1422","0,0012"
28/12/2006,"2,1340","2,1436","2,1462","2,1304","-0,0049"
29/12/2006,"2,1350","2,1350","2,1350","2,1365","0,0005"
01/01/2007,"2,1350","2,1350","2,1350","2,1350","0,0000"
02/01/2007,"2,1320","2,1350","2,1380","2,1300","-0,0014"
03/01/2007,"2,1440","2,1308","2,1440","2,1313","0,0056"
04/01/2007,"2,1430","2,1445","2,1460","2,1398","-0,0005"
05/01/2007,"2,1505","2,1428","2,1560","2,1398","0,0035"
08/01/2007,"2,1460","2,1508","2,1540","2,1449","-0,0021"
09/01/2007,"2,1490","2,1450","2,1530","2,1425","0,0014"
10/01/2007,"2,1490","2,1490","2,1610","2,1460","0,0000"
11/01/2007,"2,1470","2,1492","2,1520","2,1421","-0,0009"
12/01/2007,"2,1390","2,1435","2,1496","2,1382","-0,0037"
15/01/2007,"2,1410","2,1390","2,1423","2,1377","0,0009"
16/01/2007,"2,1375","2,1435","2,1460","2,1365","-0,0016"
17/01/2007,"2,1330","2,1375","2,1435","2,1316","-0,0021"
18/01/2007,"2,1365","2,1340","2,1370","2,1272","0,0016"
19/01/2007,"2,1290","2,1333","2,1378","2,1270","-0,0035"
22/01/2007,"2,1360","2,1288","2,1372","2,1255","0,0033"
23/01/2007,"2,1309","2,1342","2,1405","2,1285","-0,0024"
24/01/2007,"2,1272","2,1366","2,1366","2,1255","-0,0017"
25/01/2007,"2,1340","2,1250","2,1350","2,1250","0,0032"
26/01/2007,"2,1345","2,1327","2,1395","2,1287","0,0002"
29/01/2007,"2,1340","2,1371","2,1400","2,1325","-0,0002"
30/01/2007,"2,1298","2,1360","2,1373","2,1275","-0,0020"
31/01/2007,"2,1223","2,1298","2,1371","2,1203","-0,0035"
01/02/2007,"2,0895","2,1228","2,1235","2,0905","-0,0155"
02/02/2007,"2,1041","2,0920","2,1070","2,0787","0,0070"
05/02/2007,"2,0814","2,1041","2,1061","2,0810","-0,0108"
06/02/2007,"2,0815","2,0800","2,0875","2,0742","0,0000"
07/02/2007,"2,0901","2,0850","2,0990","2,0776","0,0041"
08/02/2007,"2,0926","2,0940","2,1020","2,0908","0,0012"
09/02/2007,"2,1105","2,0980","2,1120","2,0976","0,0086"
12/02/2007,"2,1155","2,1078","2,1180","2,1082","0,0024"
13/02/2007,"2,1113","2,1124","2,1188","2,1037","-0,0020"
14/02/2007,"2,0865","2,1060","2,1085","2,0841","-0,0117"
15/02/2007,"2,0925","2,0900","2,0950","2,0819","0,0029"
16/02/2007,"2,0906","2,0920","2,0933","2,0863","-0,0009"
19/02/2007,"2,0911","2,0911","2,0911","2,0921","0,0002"
20/02/2007,"2,0910","2,0910","2,0910","2,0925","0,0000"
21/02/2007,"2,0773","2,0911","2,0926","2,0746","-0,0066"
22/02/2007,"2,0810","2,0775","2,0860","2,0633","0,0018"
23/02/2007,"2,0885","2,0810","2,0920","2,0755","0,0036"
26/02/2007,"2,0829","2,0880","2,0900","2,0771","-0,0027"
27/02/2007,"2,1345","2,0820","2,1490","2,0814","0,0248"
28/02/2007,"2,1194","2,1350","2,1435","2,1078","-0,0071"
01/03/2007,"2,1204","2,1165","2,1440","2,1145","0,0005"
02/03/2007,"2,1300","2,1170","2,1350","2,1135","0,0045"
05/03/2007,"2,1421","2,1300","2,1510","2,1310","0,0057"
06/03/2007,"2,1161","2,1435","2,1455","2,1128","-0,0121"
07/03/2007,"2,1190","2,1150","2,1206","2,1079","0,0014"
08/03/2007,"2,1070","2,1225","2,1225","2,1018","-0,0057"
09/03/2007,"2,0966","2,1070","2,1090","2,0927","-0,0049"
12/03/2007,"2,0870","2,0940","2,0980","2,0850","-0,0046"
13/03/2007,"2,1120","2,0870","2,1135","2,0877","0,0120"
14/03/2007,"2,0890","2,1120","2,1160","2,0888","-0,0109"
15/03/2007,"2,0929","2,0910","2,0940","2,0850","0,0019"
16/03/2007,"2,0920","2,0920","2,0940","2,0842","-0,0004"
19/03/2007,"2,0767","2,0910","2,0910","2,0733","-0,0073"
20/03/2007,"2,0770","2,0760","2,0800","2,0714","0,0001"
21/03/2007,"2,0535","2,0750","2,0806","2,0505","-0,0113"
22/03/2007,"2,0606","2,0613","2,0650","2,0498","0,0035"
23/03/2007,"2,0620","2,0590","2,0680","2,0580","0,0007"
26/03/2007,"2,0592","2,0600","2,0650","2,0553","-0,0014"
27/03/2007,"2,0675","2,0590","2,0680","2,0600","0,0040"
28/03/2007,"2,0670","2,0645","2,0790","2,0633","-0,0002"
29/03/2007,"2,0385","2,0682","2,0682","2,0369","-0,0138"
30/03/2007,"2,0580","2,0354","2,0685","2,0248","0,0096"
02/04/2007,"2,0460","2,0590","2,0590","2,0450","-0,0058"
03/04/2007,"2,0355","2,0470","2,0470","2,0352","-0,0051"
04/04/2007,"2,0345","2,0380","2,0400","2,0270","-0,0005"
05/04/2007,"2,0306","2,0344","2,0390","2,0295","-0,0019"
06/04/2007,"2,0306","2,0306","2,0306","2,0306","0,0000"
09/04/2007,"2,0230","2,0313","2,0313","2,0200","-0,0037"
10/04/2007,"2,0262","2,0228","2,0310","2,0238","0,0016"
11/04/2007,"2,0367","2,0271","2,0400","2,0250","0,0052"
12/04/2007,"2,0295","2,0372","2,0423","2,0303","-0,0035"
13/04/2007,"2,0190","2,0330","2,0357","2,0170","-0,0052"
16/04/2007,"2,0325","2,0212","2,0363","2,0211","0,0067"
17/04/2007,"2,0350","2,0350","2,0390","2,0290","0,0012"
18/04/2007,"2,0320","2,0340","2,0410","2,0317","-0,0015"
19/04/2007,"2,0280","2,0328","2,0410","2,0265","-0,0020"
20/04/2007,"2,0257","2,0300","2,0334","2,0125","-0,0011"
23/04/2007,"2,0342","2,0267","2,0390","2,0205","0,0042"
24/04/2007,"2,0320","2,0350","2,0410","2,0294","-0,0011"
25/04/2007,"2,0175","2,0330","2,0333","2,0153","-0,0071"
26/04/2007,"2,0335","2,0190","2,0340","2,0155","0,0079"
27/04/2007,"2,0309","2,0252","2,0354","2,0260","-0,0013"
30/04/2007,"2,0338","2,0300","2,0375","2,0287","0,0014"
01/05/2007,"2,0330","2,0340","2,0346","2,0332","-0,0004"
02/05/2007,"2,0220","2,0340","2,0348","2,0190","-0,0054"
03/05/2007,"2,0260","2,0182","2,0291","2,0080","0,0020"
04/05/2007,"2,0350","2,0260","2,0355","2,0160","0,0044"
07/05/2007,"2,0202","2,0335","2,0335","2,0170","-0,0073"
08/05/2007,"2,0208","2,0195","2,0260","2,0177","0,0003"
09/05/2007,"2,0169","2,0211","2,0273","2,0123","-0,0019"
10/05/2007,"2,0223","2,0171","2,0305","2,0123","0,0027"
11/05/2007,"2,0168","2,0240","2,0240","2,0148","-0,0027"
14/05/2007,"2,0070","2,0182","2,0182","2,0033","-0,0049"
15/05/2007,"1,9805","2,0069","2,0080","1,9760","-0,0132"
16/05/2007,"1,9515","1,9800","1,9800","1,9498","-0,0146"
17/05/2007,"1,9499","1,9512","1,9655","1,9508","-0,0008"
18/05/2007,"1,9575","1,9500","1,9700","1,9510","0,0039"
21/05/2007,"1,9370","1,9590","1,9605","1,9374","-0,0105"
22/05/2007,"1,9421","1,9380","1,9480","1,9323","0,0026"
23/05/2007,"1,9502","1,9420","1,9541","1,9380","0,0042"
24/05/2007,"1,9667","1,9490","1,9750","1,9499","0,0085"
25/05/2007,"1,9501","1,9680","1,9680","1,9455","-0,0084"
28/05/2007,"1,9418","1,9499","1,9511","1,9414","-0,0043"
29/05/2007,"1,9480","1,9410","1,9552","1,9343","0,0032"
30/05/2007,"1,9402","1,9480","1,9625","1,9385","-0,0040"
31/05/2007,"1,9195","1,9400","1,9409","1,9163","-0,0107"
01/06/2007,"1,9017","1,9277","1,9279","1,8985","-0,0093"
04/06/2007,"1,9267","1,9000","1,9322","1,9009","0,0131"
05/06/2007,"1,9437","1,9260","1,9475","1,9224","0,0088"
06/06/2007,"1,9498","1,9434","1,9730","1,9436","0,0031"
07/06/2007,"1,9680","1,9500","1,9683","1,9475","0,0093"
08/06/2007,"1,9592","1,9690","1,9900","1,9556","-0,0045"
11/06/2007,"1,9401","1,9580","1,9622","1,9339","-0,0097"
12/06/2007,"1,9450","1,9390","1,9585","1,9331","0,0025"
13/06/2007,"1,9450","1,9450","1,9650","1,9385","0,0000"
14/06/2007,"1,9261","1,9450","1,9450","1,9190","-0,0097"
15/06/2007,"1,9110","1,9260","1,9260","1,9035","-0,0078"
18/06/2007,"1,9039","1,9100","1,9100","1,8989","-0,0037"
19/06/2007,"1,9070","1,9079","1,9128","1,8993","0,0016"
20/06/2007,"1,9268","1,9030","1,9320","1,8948","0,0104"
21/06/2007,"1,9202","1,9278","1,9360","1,9109","-0,0034"
22/06/2007,"1,9418","1,9225","1,9461","1,9150","0,0112"
25/06/2007,"1,9503","1,9415","1,9564","1,9290","0,0044"
26/06/2007,"1,9524","1,9517","1,9601","1,9385","0,0011"
27/06/2007,"1,9426","1,9503","1,9670","1,9350","-0,0050"
28/06/2007,"1,9199","1,9433","1,9433","1,9175","-0,0117"
29/06/2007,"1,9280","1,9225","1,9382","1,9175","0,0042"
02/07/2007,"1,9140","1,9250","1,9280","1,9108","-0,0073"
03/07/2007,"1,9089","1,9126","1,9160","1,9045","-0,0027"
04/07/2007,"1,9091","1,9095","1,9141","1,9041","0,0001"
05/07/2007,"1,9130","1,9090","1,9220","1,9065","0,0020"
06/07/2007,"1,9020","1,9141","1,9141","1,8985","-0,0058"
09/07/2007,"1,8960","1,9020","1,9025","1,8960","-0,0032"
10/07/2007,"1,8910","1,9030","1,9100","1,8882","-0,0026"
11/07/2007,"1,8901","1,8916","1,9050","1,8839","-0,0005"
12/07/2007,"1,8722","1,8910","1,8910","1,8678","-0,0095"
13/07/2007,"1,8612","1,8710","1,8760","1,8604","-0,0059"
16/07/2007,"1,8689","1,8610","1,8745","1,8591","0,0041"
17/07/2007,"1,8580","1,8666","1,8683","1,8565","-0,0058"
18/07/2007,"1,8590","1,8578","1,8660","1,8514","0,0005"
19/07/2007,"1,8590","1,8590","1,8621","1,8495","0,0000"
20/07/2007,"1,8551","1,8566","1,8650","1,8553","-0,0021"
23/07/2007,"1,8390","1,8530","1,8572","1,8365","-0,0087"
24/07/2007,"1,8609","1,8385","1,8700","1,8370","0,0119"
25/07/2007,"1,8615","1,8615","1,8850","1,8510","0,0003"
26/07/2007,"1,9270","1,8615","1,9330","1,8625","0,0352"
27/07/2007,"1,8931","1,9294","1,9430","1,8930","-0,0176"
30/07/2007,"1,8750","1,8930","1,9051","1,8715","-0,0096"
31/07/2007,"1,8810","1,8760","1,8905","1,8605","0,0032"
01/08/2007,"1,8910","1,8818","1,8930","1,8770","0,0053"
02/08/2007,"1,8739","1,8890","1,8910","1,8665","-0,0090"
03/08/2007,"1,8991","1,8720","1,9065","1,8670","0,0134"
06/08/2007,"1,9122","1,9022","1,9210","1,8955","0,0069"
07/08/2007,"1,9030","1,9122","1,9185","1,8920","-0,0048"
08/08/2007,"1,8840","1,9095","1,9100","1,8810","-0,0100"
09/08/2007,"1,9250","1,8835","1,9320","1,8843","0,0218"
10/08/2007,"1,9482","1,9245","1,9695","1,9255","0,0121"
13/08/2007,"1,9411","1,9440","1,9555","1,9315","-0,0036"
14/08/2007,"1,9831","1,9383","1,9995","1,9282","0,0216"
15/08/2007,"2,0292","1,9930","2,0540","1,9815","0,0232"
16/08/2007,"2,0931","2,0292","2,1391","2,0297","0,0315"
17/08/2007,"2,0231","2,0940","2,0978","1,9975","-0,0334"
20/08/2007,"2,0271","2,0230","2,0610","1,9980","0,0020"
21/08/2007,"2,0329","2,0336","2,0495","2,0180","0,0029"
22/08/2007,"2,0110","2,0363","2,0365","1,9900","-0,0108"
23/08/2007,"1,9870","2,0096","2,0140","1,9775","-0,0119"
24/08/2007,"1,9412","1,9860","1,9915","1,9410","-0,0230"
27/08/2007,"1,9466","1,9424","1,9630","1,9395","0,0028"
28/08/2007,"2,0010","1,9563","2,0170","1,9568","0,0279"
29/08/2007,"1,9630","1,9989","2,0011","1,9575","-0,0190"
30/08/2007,"1,9732","1,9655","1,9920","1,9570","0,0052"
31/08/2007,"1,9676","1,9650","1,9745","1,9505","-0,0028"
03/09/2007,"1,9590","1,9600","1,9625","1,9509","-0,0044"
04/09/2007,"1,9536","1,9529","1,9685","1,9450","-0,0028"
05/09/2007,"1,9728","1,9475","1,9755","1,9480","0,0098"
06/09/2007,"1,9510","1,9725","1,9725","1,9443","-0,0111"
07/09/2007,"1,9600","1,9505","1,9620","1,9515","0,0046"
10/09/2007,"1,9476","1,9600","1,9705","1,9435","-0,0063"
11/09/2007,"1,9265","1,9480","1,9480","1,9184","-0,0108"
12/09/2007,"1,9072","1,9230","1,9310","1,9042","-0,0100"
13/09/2007,"1,9033","1,9070","1,9110","1,8940","-0,0020"
14/09/2007,"1,9000","1,9070","1,9170","1,8916","-0,0017"
17/09/2007,"1,9168","1,9000","1,9250","1,9005","0,0088"
18/09/2007,"1,8735","1,9190","1,9190","1,8665","-0,0226"
19/09/2007,"1,8653","1,8750","1,8750","1,8560","-0,0044"
20/09/2007,"1,8750","1,8650","1,8840","1,8513","0,0052"
21/09/2007,"1,8670","1,8750","1,8800","1,8574","-0,0043"
24/09/2007,"1,8690","1,8670","1,8744","1,8603","0,0011"
25/09/2007,"1,8574","1,8685","1,8790","1,8553","-0,0062"
26/09/2007,"1,8450","1,8590","1,8590","1,8425","-0,0067"
27/09/2007,"1,8409","1,8450","1,8480","1,8356","-0,0022"
28/09/2007,"1,8320","1,8405","1,8504","1,8300","-0,0048"
01/10/2007,"1,8100","1,8315","1,8425","1,8060","-0,0120"
02/10/2007,"1,8320","1,8100","1,8370","1,8110","0,0122"
03/10/2007,"1,8366","1,8290","1,8470","1,8175","0,0025"
04/10/2007,"1,8231","1,8405","1,8405","1,8220","-0,0074"
05/10/2007,"1,8020","1,8240","1,8240","1,8010","-0,0116"
08/10/2007,"1,8165","1,8060","1,8220","1,8018","0,0080"
09/10/2007,"1,8010","1,8170","1,8181","1,7980","-0,0085"
10/10/2007,"1,7987","1,8010","1,8098","1,7915","-0,0013"
11/10/2007,"1,7975","1,7980","1,8118","1,7810","-0,0007"
12/10/2007,"1,8010","1,7975","1,8148","1,7984","0,0019"
15/10/2007,"1,8119","1,8010","1,8200","1,7930","0,0061"
16/10/2007,"1,8170","1,8130","1,8330","1,8060","0,0028"
17/10/2007,"1,8140","1,8170","1,8230","1,7993","-0,0017"
18/10/2007,"1,7840","1,8140","1,8210","1,7785","-0,0165"
19/10/2007,"1,8018","1,7840","1,8050","1,7785","0,0100"
22/10/2007,"1,8160","1,8390","1,8410","1,8075","0,0079"
23/10/2007,"1,7958","1,7960","1,8059","1,7863","-0,0111"
24/10/2007,"1,7945","1,7960","1,8129","1,7915","-0,0007"
25/10/2007,"1,7801","1,7945","1,8070","1,7793","-0,0080"
26/10/2007,"1,7688","1,7800","1,7930","1,7660","-0,0063"
29/10/2007,"1,7555","1,7765","1,7768","1,7520","-0,0075"
30/10/2007,"1,7500","1,7555","1,7650","1,7427","-0,0031"
31/10/2007,"1,7358","1,7500","1,7543","1,7290","-0,0081"
01/11/2007,"1,7466","1,7358","1,7595","1,7292","0,0062"
02/11/2007,"1,7510","1,7500","1,7555","1,7413","0,0025"
05/11/2007,"1,7548","1,7510","1,7640","1,7463","0,0022"
06/11/2007,"1,7390","1,7595","1,7595","1,7254","-0,0090"
07/11/2007,"1,7495","1,7390","1,7495","1,7269","0,0060"
08/11/2007,"1,7425","1,7390","1,7545","1,7275","-0,0040"
09/11/2007,"1,7454","1,7390","1,7575","1,7383","0,0017"
12/11/2007,"1,7936","1,7430","1,7940","1,7440","0,0276"
13/11/2007,"1,7489","1,7995","1,7995","1,7504","-0,0249"
14/11/2007,"1,7403","1,7428","1,7525","1,7299","-0,0049"
15/11/2007,"1,7538","1,7403","1,7538","1,7328","0,0078"
16/11/2007,"1,7455","1,7320","1,7520","1,7327","-0,0047"
19/11/2007,"1,7661","1,7417","1,7732","1,7427","0,0118"
20/11/2007,"1,7627","1,7660","1,7662","1,7450","-0,0019"
21/11/2007,"1,7764","1,7650","1,7992","1,7660","0,0078"
22/11/2007,"1,7790","1,7760","1,7821","1,7655","0,0015"
23/11/2007,"1,8027","1,7760","1,8077","1,7695","0,0133"
26/11/2007,"1,8587","1,8022","1,8587","1,7830","0,0311"
27/11/2007,"1,8352","1,8397","1,8713","1,8333","-0,0126"
28/11/2007,"1,7843","1,8413","1,8535","1,7785","-0,0277"
29/11/2007,"1,7874","1,7792","1,8093","1,7733","0,0017"
30/11/2007,"1,7972","1,7880","1,8040","1,7655","0,0055"
03/12/2007,"1,7950","1,7891","1,8065","1,7803","-0,0012"
04/12/2007,"1,8100","1,7955","1,8310","1,7960","0,0084"
05/12/2007,"1,7955","1,8101","1,8101","1,7868","-0,0080"
06/12/2007,"1,7681","1,7925","1,7970","1,7670","-0,0153"
07/12/2007,"1,7578","1,7679","1,7757","1,7560","-0,0058"
10/12/2007,"1,7607","1,7570","1,7714","1,7530","0,0016"
11/12/2007,"1,7803","1,7607","1,7818","1,7530","0,0111"
12/12/2007,"1,7748","1,7640","1,7783","1,7515","-0,0031"
13/12/2007,"1,7809","1,7701","1,7881","1,7639","0,0034"
14/12/2007,"1,7957","1,7795","1,8010","1,7730","0,0083"
17/12/2007,"1,8155","1,7955","1,8229","1,7944","0,0110"
18/12/2007,"1,8065","1,8170","1,8189","1,7975","-0,0050"
19/12/2007,"1,7994","1,8074","1,8140","1,7925","-0,0039"
20/12/2007,"1,8051","1,8021","1,8120","1,7925","0,0032"
21/12/2007,"1,7886","1,8027","1,8047","1,7823","-0,0091"
24/12/2007,"1,7895","1,7915","1,7928","1,7836","0,0005"
25/12/2007,"1,7920","1,7900","1,7920","1,7910","0,0014"
26/12/2007,"1,7670","1,7920","1,7920","1,7656","-0,0140"
27/12/2007,"1,7628","1,7670","1,7726","1,7495","-0,0024"
28/12/2007,"1,7816","1,7565","1,7905","1,7503","0,0107"
31/12/2007,"1,7790","1,7807","1,7807","1,7635","-0,0015"
01/01/2008,"1,7790","1,7790","1,7790","1,7800","0,0000"
02/01/2008,"1,7619","1,7590","1,7865","1,7575","-0,0096"
03/01/2008,"1,7509","1,7615","1,7716","1,7471","-0,0062"
04/01/2008,"1,7555","1,7509","1,7712","1,7404","0,0026"
07/01/2008,"1,7725","1,7650","1,7815","1,7466","0,0097"
08/01/2008,"1,7635","1,7637","1,7725","1,7480","-0,0051"
09/01/2008,"1,7722","1,7587","1,7770","1,7545","0,0049"
10/01/2008,"1,7570","1,7647","1,7730","1,7509","-0,0086"
11/01/2008,"1,7471","1,7579","1,7656","1,7440","-0,0056"
14/01/2008,"1,7303","1,7550","1,7550","1,7285","-0,0096"
15/01/2008,"1,7527","1,7298","1,7597","1,7304","0,0129"
16/01/2008,"1,7745","1,7527","1,7790","1,7511","0,0124"
17/01/2008,"1,7920","1,7745","1,7965","1,7584","0,0099"
18/01/2008,"1,7883","1,7930","1,7988","1,7715","-0,0021"
21/01/2008,"1,8325","1,7775","1,8388","1,7780","0,0247"
22/01/2008,"1,7892","1,8330","1,8402","1,7894","-0,0236"
23/01/2008,"1,8170","1,7945","1,8261","1,7920","0,0155"
24/01/2008,"1,7859","1,8170","1,8180","1,7801","-0,0171"
25/01/2008,"1,7840","1,7859","1,7950","1,7741","-0,0011"
28/01/2008,"1,7818","1,7860","1,7984","1,7756","-0,0012"
29/01/2008,"1,7796","1,7820","1,7886","1,7677","-0,0012"
30/01/2008,"1,7790","1,7776","1,7852","1,7485","-0,0003"
31/01/2008,"1,7583","1,7570","1,7850","1,7531","-0,0116"
01/02/2008,"1,7450","1,7580","1,7662","1,7361","-0,0076"
04/02/2008,"1,7455","1,7450","1,7465","1,7395","0,0003"
05/02/2008,"1,7440","1,7415","1,7660","1,7417","-0,0009"
06/02/2008,"1,7591","1,7455","1,7690","1,7454","0,0087"
07/02/2008,"1,7579","1,7570","1,7810","1,7510","-0,0007"
08/02/2008,"1,7700","1,7616","1,7750","1,7510","0,0069"
11/02/2008,"1,7560","1,7700","1,7715","1,7543","-0,0079"
12/02/2008,"1,7490","1,7600","1,7680","1,7395","-0,0040"
13/02/2008,"1,7437","1,7490","1,7560","1,7385","-0,0030"
14/02/2008,"1,7484","1,7460","1,7540","1,7330","0,0027"
15/02/2008,"1,7530","1,7480","1,7590","1,7423","0,0026"
18/02/2008,"1,7398","1,7475","1,7530","1,7331","-0,0075"
19/02/2008,"1,7330","1,7327","1,7374","1,7250","-0,0039"
20/02/2008,"1,7158","1,7330","1,7465","1,7139","-0,0099"
21/02/2008,"1,7070","1,7170","1,7170","1,6999","-0,0051"
22/02/2008,"1,7062","1,7070","1,7175","1,6919","-0,0005"
25/02/2008,"1,7020","1,7070","1,7105","1,6950","-0,0025"
26/02/2008,"1,6832","1,7020","1,7060","1,6797","-0,0110"
27/02/2008,"1,6709","1,6828","1,6850","1,6612","-0,0073"
28/02/2008,"1,6717","1,6710","1,6818","1,6620","0,0005"
29/02/2008,"1,6904","1,6650","1,6979","1,6660","0,0112"
03/03/2008,"1,6687","1,6900","1,6975","1,6663","-0,0128"
04/03/2008,"1,6719","1,6678","1,6890","1,6641","0,0019"
05/03/2008,"1,6613","1,6763","1,6773","1,6620","-0,0063"
06/03/2008,"1,6925","1,6615","1,6935","1,6587","0,0188"
07/03/2008,"1,6845","1,6907","1,7000","1,6790","-0,0047"
10/03/2008,"1,7041","1,6845","1,7131","1,6756","0,0116"
11/03/2008,"1,6898","1,7060","1,7093","1,6796","-0,0084"
12/03/2008,"1,6732","1,6905","1,7046","1,6715","-0,0098"
13/03/2008,"1,6893","1,6785","1,7135","1,6730","0,0096"
14/03/2008,"1,7142","1,6905","1,7250","1,6742","0,0147"
17/03/2008,"1,7244","1,7125","1,7365","1,7130","0,0060"
18/03/2008,"1,6860","1,7215","1,7345","1,6818","-0,0223"
19/03/2008,"1,7235","1,6855","1,7310","1,6815","0,0222"
20/03/2008,"1,7313","1,7266","1,7521","1,7200","0,0045"
21/03/2008,"1,7308","1,7325","1,7325","1,7316","-0,0003"
24/03/2008,"1,7452","1,7325","1,7510","1,7175","0,0083"
25/03/2008,"1,7346","1,7440","1,7458","1,7286","-0,0061"
26/03/2008,"1,7274","1,7345","1,7430","1,7235","-0,0042"
27/03/2008,"1,7386","1,7295","1,7413","1,7215","0,0065"
28/03/2008,"1,7442","1,7400","1,7495","1,7347","0,0032"
31/03/2008,"1,7554","1,7430","1,7641","1,7343","0,0064"
01/04/2008,"1,7389","1,7554","1,7600","1,7395","-0,0094"
02/04/2008,"1,7260","1,7389","1,7476","1,7193","-0,0074"
03/04/2008,"1,7182","1,7255","1,7347","1,7150","-0,0045"
04/04/2008,"1,7090","1,7190","1,7198","1,7035","-0,0054"
07/04/2008,"1,7062","1,7095","1,7095","1,6945","-0,0016"
08/04/2008,"1,6945","1,6957","1,7090","1,6915","-0,0069"
09/04/2008,"1,6909","1,6945","1,6988","1,6828","-0,0021"
10/04/2008,"1,6871","1,6865","1,6925","1,6765","-0,0022"
11/04/2008,"1,6900","1,6850","1,6931","1,6805","0,0017"
14/04/2008,"1,6885","1,6890","1,6953","1,6760","-0,0009"
15/04/2008,"1,6777","1,6840","1,6890","1,6745","-0,0064"
16/04/2008,"1,6632","1,6777","1,6829","1,6590","-0,0086"
17/04/2008,"1,6537","1,6620","1,6641","1,6515","-0,0057"
18/04/2008,"1,6675","1,6570","1,6733","1,6469","0,0083"
21/04/2008,"1,6623","1,6670","1,6688","1,6591","-0,0031"
22/04/2008,"1,6571","1,6670","1,6695","1,6520","-0,0031"
23/04/2008,"1,6520","1,6555","1,6605","1,6510","-0,0031"
24/04/2008,"1,6740","1,6590","1,6760","1,6528","0,0133"
25/04/2008,"1,6660","1,6740","1,6808","1,6655","-0,0048"
28/04/2008,"1,6863","1,6680","1,6913","1,6618","0,0122"
29/04/2008,"1,7050","1,6864","1,7124","1,6861","0,0111"
30/04/2008,"1,6617","1,7048","1,7070","1,6603","-0,0254"
01/05/2008,"1,6618","1,6612","1,6618","1,6622","0,0001"
02/05/2008,"1,6485","1,6616","1,6625","1,6433","-0,0080"
05/05/2008,"1,6520","1,6480","1,6625","1,6485","0,0021"
06/05/2008,"1,6560","1,6520","1,6669","1,6515","0,0024"
07/05/2008,"1,6837","1,6550","1,6923","1,6560","0,0167"
08/05/2008,"1,6963","1,6832","1,7020","1,6765","0,0075"
09/05/2008,"1,6840","1,6956","1,7050","1,6840","-0,0073"
12/05/2008,"1,6622","1,6840","1,6840","1,6613","-0,0129"
13/05/2008,"1,6637","1,6623","1,6660","1,6545","0,0009"
14/05/2008,"1,6675","1,6630","1,6735","1,6576","0,0023"
15/05/2008,"1,6516","1,6671","1,6680","1,6495","-0,0095"
16/05/2008,"1,6401","1,6514","1,6514","1,6400","-0,0070"
19/05/2008,"1,6500","1,6396","1,6520","1,6379","0,0060"
20/05/2008,"1,6499","1,6495","1,6590","1,6470","-0,0001"
21/05/2008,"1,6568","1,6499","1,6589","1,6427","0,0042"
22/05/2008,"1,6563","1,6568","1,6568","1,6571","-0,0003"
23/05/2008,"1,6595","1,6563","1,6653","1,6477","0,0019"
26/05/2008,"1,6570","1,6595","1,6625","1,6575","-0,0015"
27/05/2008,"1,6665","1,6590","1,6742","1,6515","0,0057"
28/05/2008,"1,6511","1,6660","1,6724","1,6502","-0,0092"
29/05/2008,"1,6372","1,6506","1,6522","1,6340","-0,0084"
30/05/2008,"1,6260","1,6367","1,6389","1,6237","-0,0068"
02/06/2008,"1,6245","1,6255","1,6365","1,6245","-0,0009"
03/06/2008,"1,6327","1,6260","1,6328","1,6150","0,0050"
04/06/2008,"1,6288","1,6322","1,6367","1,6245","-0,0024"
05/06/2008,"1,6258","1,6283","1,6368","1,6210","-0,0018"
06/06/2008,"1,6330","1,6253","1,6342","1,6212","0,0044"
09/06/2008,"1,6249","1,6303","1,6323","1,6206","-0,0050"
10/06/2008,"1,6433","1,6259","1,6511","1,6260","0,0113"
11/06/2008,"1,6395","1,6428","1,6517","1,6378","-0,0023"
12/06/2008,"1,6337","1,6390","1,6487","1,6325","-0,0035"
13/06/2008,"1,6348","1,6335","1,6413","1,6309","0,0007"
16/06/2008,"1,6224","1,6352","1,6352","1,6222","-0,0076"
17/06/2008,"1,6103","1,6219","1,6229","1,6063","-0,0075"
18/06/2008,"1,6066","1,6098","1,6163","1,6043","-0,0023"
19/06/2008,"1,6061","1,6070","1,6095","1,6008","-0,0003"
20/06/2008,"1,6050","1,6050","1,6110","1,5996","-0,0007"
23/06/2008,"1,6125","1,6050","1,6156","1,6056","0,0047"
24/06/2008,"1,6040","1,6120","1,6136","1,6000","-0,0053"
25/06/2008,"1,5900","1,6038","1,6070","1,5904","-0,0087"
26/06/2008,"1,6015","1,5898","1,6030","1,5883","0,0072"
27/06/2008,"1,5940","1,6010","1,6130","1,5935","-0,0047"
30/06/2008,"1,6036","1,5958","1,6041","1,5890","0,0060"
01/07/2008,"1,5973","1,6031","1,6133","1,5972","-0,0039"
02/07/2008,"1,6085","1,5950","1,6106","1,5920","0,0070"
03/07/2008,"1,6085","1,6030","1,6136","1,6018","0,0000"
04/07/2008,"1,6065","1,6085","1,6145","1,6058","-0,0012"
07/07/2008,"1,5990","1,6090","1,6090","1,5960","-0,0047"
08/07/2008,"1,6095","1,6060","1,6140","1,5939","0,0066"
09/07/2008,"1,6090","1,6093","1,6131","1,6070","-0,0003"
10/07/2008,"1,6051","1,6120","1,6202","1,6045","-0,0024"
11/07/2008,"1,6005","1,6080","1,6098","1,5997","-0,0029"
14/07/2008,"1,5969","1,6000","1,6025","1,5908","-0,0022"
15/07/2008,"1,5929","1,5960","1,5991","1,5859","-0,0025"
16/07/2008,"1,5954","1,5924","1,5994","1,5880","0,0016"
17/07/2008,"1,5996","1,5949","1,6010","1,5863","0,0026"
18/07/2008,"1,5890","1,5955","1,5983","1,5876","-0,0066"
21/07/2008,"1,5817","1,5883","1,5890","1,5785","-0,0046"
22/07/2008,"1,5788","1,5812","1,5871","1,5760","-0,0018"
23/07/2008,"1,5824","1,5780","1,5854","1,5773","0,0023"
24/07/2008,"1,5777","1,5819","1,5828","1,5733","-0,0030"
25/07/2008,"1,5727","1,5830","1,5832","1,5695","-0,0032"
28/07/2008,"1,5739","1,5770","1,5779","1,5697","0,0008"
29/07/2008,"1,5682","1,5739","1,5754","1,5675","-0,0036"
30/07/2008,"1,5606","1,5730","1,5730","1,5598","-0,0048"
31/07/2008,"1,5661","1,5601","1,5689","1,5600","0,0035"
01/08/2008,"1,5597","1,5600","1,5668","1,5546","-0,0041"
04/08/2008,"1,5591","1,5610","1,5693","1,5593","-0,0004"
05/08/2008,"1,5727","1,5600","1,5773","1,5607","0,0087"
06/08/2008,"1,5771","1,5728","1,5817","1,5703","0,0028"
07/08/2008,"1,5965","1,5730","1,5990","1,5716","0,0123"
08/08/2008,"1,6071","1,5965","1,6233","1,5975","0,0066"
11/08/2008,"1,6264","1,6066","1,6279","1,6022","0,0120"
12/08/2008,"1,6186","1,6167","1,6261","1,6087","-0,0048"
13/08/2008,"1,6093","1,6203","1,6288","1,6083","-0,0057"
14/08/2008,"1,6235","1,6130","1,6325","1,6041","0,0088"
15/08/2008,"1,6387","1,6220","1,6425","1,6230","0,0094"
18/08/2008,"1,6392","1,6250","1,6445","1,6260","0,0003"
19/08/2008,"1,6230","1,6370","1,6483","1,6210","-0,0099"
20/08/2008,"1,6203","1,6250","1,6275","1,6146","-0,0017"
21/08/2008,"1,6090","1,6250","1,6250","1,6063","-0,0070"
22/08/2008,"1,6265","1,6110","1,6274","1,6095","0,0109"
25/08/2008,"1,6304","1,6258","1,6353","1,6206","0,0024"
26/08/2008,"1,6288","1,6307","1,6445","1,6277","-0,0010"
27/08/2008,"1,6227","1,6275","1,6275","1,6174","-0,0037"
28/08/2008,"1,6340","1,6197","1,6351","1,6165","0,0070"
29/08/2008,"1,6290","1,6323","1,6373","1,6257","-0,0031"
01/09/2008,"1,6465","1,6410","1,6495","1,6392","0,0107"
02/09/2008,"1,6553","1,6459","1,6663","1,6466","0,0053"
03/09/2008,"1,6779","1,6548","1,6801","1,6555","0,0137"
04/09/2008,"1,7134","1,6779","1,7215","1,6756","0,0212"
05/09/2008,"1,7145","1,6935","1,7498","1,6960","0,0006"
08/09/2008,"1,7401","1,7305","1,7431","1,6866","0,0149"
09/09/2008,"1,7700","1,7305","1,7881","1,7170","0,0172"
10/09/2008,"1,7875","1,7715","1,7942","1,7340","0,0099"
11/09/2008,"1,8003","1,8005","1,8374","1,7725","0,0072"
12/09/2008,"1,7814","1,7903","1,8162","1,7745","-0,0105"
15/09/2008,"1,8120","1,7823","1,8338","1,7813","0,0172"
16/09/2008,"1,8252","1,8120","1,8559","1,7826","0,0073"
17/09/2008,"1,8898","1,8158","1,9141","1,8025","0,0354"
18/09/2008,"1,8950","1,8905","1,9600","1,8445","0,0028"
19/09/2008,"1,8291","1,8890","1,8950","1,8137","-0,0348"
22/09/2008,"1,8060","1,8310","1,8330","1,7858","-0,0126"
23/09/2008,"1,8422","1,7916","1,8517","1,7917","0,0200"
24/09/2008,"1,8543","1,8412","1,8652","1,8209","0,0066"
25/09/2008,"1,8250","1,8540","1,8650","1,8105","-0,0158"
26/09/2008,"1,8435","1,8210","1,8740","1,8220","0,0101"
29/09/2008,"1,9613","1,8510","1,9668","1,8520","0,0639"
30/09/2008,"1,9054","1,9610","1,9674","1,8917","-0,0285"
01/10/2008,"1,9233","1,9030","1,9454","1,8949","0,0094"
02/10/2008,"2,0217","1,9232","2,0377","1,9169","0,0512"
03/10/2008,"2,0467","2,0250","2,0668","1,9969","0,0124"
06/10/2008,"2,1540","2,0470","2,1960","2,0443","0,0524"
07/10/2008,"2,3100","2,1960","2,3112","2,1571","0,0724"
08/10/2008,"2,3152","2,3100","2,4500","2,2505","0,0023"
09/10/2008,"2,2672","2,3150","2,3172","2,1521","-0,0207"
10/10/2008,"2,3120","2,2670","2,3170","2,2396","0,0198"
13/10/2008,"2,1270","2,2115","2,2152","2,1268","-0,0800"
14/10/2008,"2,0767","2,1280","2,1280","2,0385","-0,0236"
15/10/2008,"2,2300","2,0795","2,2300","2,0780","0,0738"
16/10/2008,"2,1290","2,2300","2,2640","2,1295","-0,0453"
17/10/2008,"2,1200","2,1290","2,1560","2,0705","-0,0042"
20/10/2008,"2,1110","2,1200","2,1342","2,0820","-0,0042"
21/10/2008,"2,2455","2,1170","2,2523","2,1115","0,0637"
22/10/2008,"2,3792","2,2460","2,3891","2,2470","0,0595"
23/10/2008,"2,2650","2,3790","2,5300","2,2392","-0,0480"
24/10/2008,"2,3100","2,2650","2,4001","2,2651","0,0199"
27/10/2008,"2,2533","2,3100","2,3550","2,2287","-0,0245"
28/10/2008,"2,1609","2,2533","2,2561","2,1438","-0,0410"
29/10/2008,"2,1278","2,1610","2,1835","2,1022","-0,0153"
30/10/2008,"2,1040","2,1278","2,1361","2,0870","-0,0112"
31/10/2008,"2,1637","2,1040","2,1745","2,0856","0,0284"
03/11/2008,"2,1682","2,1640","2,2080","2,1476","0,0021"
04/11/2008,"2,1180","2,1770","2,1770","2,0875","-0,0232"
05/11/2008,"2,1295","2,1229","2,1390","2,0967","0,0054"
06/11/2008,"2,2140","2,1172","2,2400","2,1164","0,0397"
07/11/2008,"2,1469","2,2000","2,2230","2,1359","-0,0303"
10/11/2008,"2,1745","2,1562","2,2000","2,1075","0,0129"
11/11/2008,"2,2190","2,1745","2,2350","2,1738","0,0205"
12/11/2008,"2,3275","2,2190","2,3275","2,2185","0,0489"
13/11/2008,"2,3120","2,3275","2,3992","2,2770","-0,0067"
14/11/2008,"2,2230","2,3119","2,3312","2,2225","-0,0385"
17/11/2008,"2,2780","2,2240","2,3290","2,2400","0,0247"
18/11/2008,"2,3342","2,2780","2,3475","2,2782","0,0247"
19/11/2008,"2,3870","2,3343","2,4120","2,3245","0,0226"
20/11/2008,"2,3950","2,3805","2,4125","2,3810","0,0034"
21/11/2008,"2,4757","2,3864","2,4780","2,3865","0,0337"
24/11/2008,"2,3163","2,4760","2,4760","2,3080","-0,0644"
25/11/2008,"2,3270","2,3163","2,3690","2,2770","0,0046"
26/11/2008,"2,2072","2,3270","2,3710","2,2077","-0,0515"
27/11/2008,"2,2940","2,2072","2,2970","2,2057","0,0393"
28/11/2008,"2,3027","2,2940","2,3442","2,2680","0,0038"
01/12/2008,"2,3455","2,3030","2,3770","2,3040","0,0186"
02/12/2008,"2,4085","2,3455","2,4230","2,2963","0,0269"
03/12/2008,"2,5025","2,4087","2,5105","2,3700","0,0390"
04/12/2008,"2,5030","2,5025","2,5459","2,4590","0,0002"
05/12/2008,"2,4300","2,5030","2,6203","2,4124","-0,0292"
08/12/2008,"2,5110","2,4362","2,5303","2,3926","0,0333"
09/12/2008,"2,4790","2,5110","2,5463","2,4350","-0,0127"
10/12/2008,"2,4400","2,4790","2,5105","2,4112","-0,0157"
11/12/2008,"2,3660","2,4400","2,4459","2,2824","-0,0303"
12/12/2008,"2,3990","2,3660","2,4079","2,3484","0,0139"
15/12/2008,"2,3829","2,3990","2,4199","2,3444","-0,0067"
16/12/2008,"2,3060","2,3829","2,4010","2,3075","-0,0323"
17/12/2008,"2,3635","2,3060","2,3856","2,3070","0,0249"
18/12/2008,"2,4250","2,3635","2,4315","2,3405","0,0260"
19/12/2008,"2,3525","2,4250","2,4693","2,3503","-0,0299"
22/12/2008,"2,3930","2,3525","2,4155","2,3457","0,0172"
23/12/2008,"2,3740","2,3930","2,3971","2,3627","-0,0079"
24/12/2008,"2,3750","2,3750","2,3840","2,3740","0,0004"
25/12/2008,"2,3840","2,3839","2,3840","2,3840","0,0038"
26/12/2008,"2,3750","2,3840","2,3840","2,3760","-0,0038"
29/12/2008,"2,3861","2,3750","2,4205","2,3386","0,0047"
30/12/2008,"2,3280","2,3861","2,3861","2,3028","-0,0243"
31/12/2008,"2,3130","2,3307","2,3310","2,3145","-0,0064"
01/01/2009,"2,3308","2,3307","2,3308","2,3308","0,0077"
02/01/2009,"2,3210","2,3307","2,3425","2,3108","-0,0042"
05/01/2009,"2,2340","2,3307","2,3320","2,2355","-0,0375"
06/01/2009,"2,1690","2,2360","2,2360","2,1577","-0,0291"
07/01/2009,"2,2720","2,1731","2,2790","2,1731","0,0475"
08/01/2009,"2,2950","2,2720","2,3090","2,2451","0,0101"
09/01/2009,"2,2514","2,2950","2,3064","2,2516","-0,0190"
12/01/2009,"2,3145","2,2510","2,3282","2,2520","0,0280"
13/01/2009,"2,3190","2,3145","2,3374","2,2921","0,0019"
14/01/2009,"2,3650","2,3143","2,3780","2,3011","0,0198"
15/01/2009,"2,3540","2,3650","2,4000","2,3476","-0,0047"
16/01/2009,"2,3410","2,3540","2,3544","2,3056","-0,0055"
19/01/2009,"2,3540","2,3410","2,3560","2,3100","0,0056"
20/01/2009,"2,3750","2,3540","2,3783","2,3273","0,0089"
21/01/2009,"2,3360","2,3745","2,3750","2,3332","-0,0164"
22/01/2009,"2,3160","2,3360","2,3539","2,3110","-0,0086"
23/01/2009,"2,3297","2,3294","2,3661","2,3144","0,0059"
26/01/2009,"2,3090","2,3292","2,3320","2,2998","-0,0089"
27/01/2009,"2,3418","2,3089","2,3438","2,2994","0,0142"
28/01/2009,"2,2614","2,3396","2,3396","2,2598","-0,0343"
29/01/2009,"2,2938","2,2660","2,2977","2,2463","0,0143"
30/01/2009,"2,3190","2,2940","2,3295","2,2695","0,0110"
02/02/2009,"2,3240","2,3217","2,3705","2,3139","0,0022"
03/02/2009,"2,3070","2,3240","2,3301","2,3034","-0,0073"
04/02/2009,"2,3025","2,3070","2,3200","2,2741","-0,0020"
05/02/2009,"2,2850","2,3025","2,3215","2,2773","-0,0076"
06/02/2009,"2,2560","2,2850","2,2910","2,2416","-0,0127"
09/02/2009,"2,2655","2,2566","2,2655","2,2284","0,0042"
10/02/2009,"2,2740","2,2572","2,3158","2,2369","0,0038"
11/02/2009,"2,2619","2,2740","2,3140","2,2599","-0,0053"
12/02/2009,"2,2925","2,2651","2,3095","2,2624","0,0135"
13/02/2009,"2,2545","2,3089","2,3089","2,2505","-0,0166"
16/02/2009,"2,2750","2,2545","2,2808","2,2555","0,0091"
17/02/2009,"2,3416","2,2755","2,3416","2,2575","0,0293"
18/02/2009,"2,3502","2,3415","2,3632","2,3199","0,0037"
19/02/2009,"2,3722","2,3415","2,3749","2,3157","0,0094"
20/02/2009,"2,3890","2,3722","2,3996","2,3667","0,0071"
23/02/2009,"2,3790","2,3791","2,3940","2,3783","-0,0042"
24/02/2009,"2,3830","2,3790","2,3895","2,3800","0,0017"
25/02/2009,"2,3671","2,3830","2,4080","2,3637","-0,0067"
26/02/2009,"2,3521","2,3735","2,3740","2,3417","-0,0063"
27/02/2009,"2,3909","2,3505","2,3934","2,3514","0,0165"
02/03/2009,"2,4505","2,3905","2,4505","2,3915","0,0249"
03/03/2009,"2,4175","2,4505","2,4505","2,4001","-0,0135"
04/03/2009,"2,3680","2,4195","2,4195","2,3541","-0,0205"
05/03/2009,"2,3905","2,3659","2,4032","2,3659","0,0095"
06/03/2009,"2,3746","2,3959","2,3980","2,3638","-0,0067"
09/03/2009,"2,3855","2,3795","2,3920","2,3640","0,0046"
10/03/2009,"2,3295","2,3855","2,3855","2,3302","-0,0235"
11/03/2009,"2,3423","2,3400","2,3533","2,3134","0,0055"
12/03/2009,"2,2948","2,3495","2,3508","2,2902","-0,0203"
13/03/2009,"2,3038","2,2990","2,3155","2,2729","0,0039"
16/03/2009,"2,2813","2,2984","2,3065","2,2561","-0,0098"
17/03/2009,"2,2840","2,2685","2,2935","2,2680","0,0012"
18/03/2009,"2,2464","2,2840","2,3077","2,2454","-0,0165"
19/03/2009,"2,2551","2,2465","2,2624","2,2233","0,0039"
20/03/2009,"2,2705","2,2495","2,2705","2,2406","0,0068"
23/03/2009,"2,2450","2,2640","2,2797","2,2357","-0,0112"
24/03/2009,"2,2479","2,2555","2,2669","2,2360","0,0013"
25/03/2009,"2,2369","2,2440","2,2652","2,2316","-0,0049"
26/03/2009,"2,2358","2,2395","2,2522","2,2172","-0,0005"
27/03/2009,"2,2895","2,2414","2,2946","2,2368","0,0240"
30/03/2009,"2,3295","2,2895","2,3371","2,2897","0,0175"
31/03/2009,"2,3168","2,3265","2,3313","2,2956","-0,0055"
01/04/2009,"2,2724","2,3165","2,3170","2,2718","-0,0192"
02/04/2009,"2,2316","2,2719","2,2795","2,2257","-0,0180"
03/04/2009,"2,2080","2,2275","2,2357","2,1933","-0,0106"
06/04/2009,"2,2189","2,2095","2,2326","2,1993","0,0049"
07/04/2009,"2,2119","2,2185","2,2444","2,2124","-0,0032"
08/04/2009,"2,2030","2,2255","2,2255","2,1911","-0,0040"
09/04/2009,"2,1700","2,1995","2,2045","2,1666","-0,0150"
10/04/2009,"2,1700","2,1700","2,1702","2,1702","0,0000"
13/04/2009,"2,1703","2,1700","2,1768","2,1613","0,0001"
14/04/2009,"2,2082","2,1700","2,2092","2,1668","0,0175"
15/04/2009,"2,1835","2,2087","2,2221","2,1808","-0,0112"
16/04/2009,"2,1738","2,1835","2,1904","2,1670","-0,0044"
17/04/2009,"2,1918","2,1790","2,1988","2,1658","0,0083"
20/04/2009,"2,2482","2,1930","2,2482","2,1931","0,0257"
21/04/2009,"2,2260","2,2335","2,2393","2,2192","-0,0099"
22/04/2009,"2,2105","2,2260","2,2365","2,1992","-0,0070"
23/04/2009,"2,2053","2,2105","2,2238","2,1906","-0,0024"
24/04/2009,"2,1823","2,2053","2,2066","2,1772","-0,0104"
27/04/2009,"2,2191","2,1823","2,2261","2,1826","0,0169"
28/04/2009,"2,1975","2,2250","2,2370","2,1910","-0,0097"
29/04/2009,"2,1778","2,1975","2,2004","2,1584","-0,0090"
30/04/2009,"2,1893","2,1779","2,1947","2,1609","0,0053"
01/05/2009,"2,1730","2,1893","2,1893","2,1736","-0,0074"
04/05/2009,"2,1143","2,1730","2,1730","2,1135","-0,0270"
05/05/2009,"2,1355","2,1143","2,1590","2,1045","0,0100"
06/05/2009,"2,1133","2,1360","2,1460","2,1070","-0,0104"
07/05/2009,"2,1070","2,1133","2,1140","2,0872","-0,0030"
08/05/2009,"2,0617","2,1070","2,1110","2,0593","-0,0215"
11/05/2009,"2,0665","2,0615","2,0793","2,0511","0,0023"
12/05/2009,"2,0695","2,0665","2,0789","2,0457","0,0015"
13/05/2009,"2,1145","2,0695","2,1155","2,0667","0,0217"
14/05/2009,"2,0852","2,1145","2,1244","2,0785","-0,0139"
15/05/2009,"2,1121","2,0852","2,1166","2,0660","0,0129"
18/05/2009,"2,0697","2,1120","2,1120","2,0670","-0,0201"
19/05/2009,"2,0388","2,0750","2,0754","2,0306","-0,0149"
20/05/2009,"2,0325","2,0390","2,0390","2,0118","-0,0031"
21/05/2009,"2,0320","2,0355","2,0473","2,0140","-0,0002"
22/05/2009,"2,0259","2,0320","2,0350","2,0113","-0,0030"
25/05/2009,"2,0245","2,0255","2,0270","2,0194","-0,0007"
26/05/2009,"2,0049","2,0235","2,0472","2,0052","-0,0097"
27/05/2009,"2,0414","2,0049","2,0417","1,9964","0,0182"
28/05/2009,"2,0019","2,0414","2,0415","1,9959","-0,0193"
29/05/2009,"1,9710","2,0075","2,0082","1,9649","-0,0154"
01/06/2009,"1,9507","1,9710","1,9720","1,9392","-0,0103"
02/06/2009,"1,9230","1,9505","1,9534","1,9185","-0,0142"
03/06/2009,"1,9630","1,9229","1,9785","1,9230","0,0208"
04/06/2009,"1,9380","1,9630","1,9790","1,9349","-0,0127"
05/06/2009,"1,9595","1,9380","1,9680","1,9085","0,0111"
08/06/2009,"1,9605","1,9580","1,9840","1,9582","0,0005"
09/06/2009,"1,9420","1,9602","1,9602","1,9320","-0,0094"
10/06/2009,"1,9470","1,9420","1,9634","1,9214","0,0026"
11/06/2009,"1,9500","1,9470","1,9500","1,9480","0,0015"
12/06/2009,"1,9258","1,9501","1,9544","1,9164","-0,0124"
15/06/2009,"1,9500","1,9250","1,9603","1,9229","0,0126"
16/06/2009,"1,9721","1,9500","1,9740","1,9309","0,0113"
17/06/2009,"1,9685","1,9705","1,9985","1,9572","-0,0018"
18/06/2009,"1,9783","1,9663","1,9818","1,9540","0,0050"
19/06/2009,"1,9740","1,9745","1,9776","1,9500","-0,0022"
22/06/2009,"2,0295","1,9765","2,0378","1,9795","0,0281"
23/06/2009,"1,9796","2,0295","2,0318","1,9773","-0,0246"
24/06/2009,"1,9678","1,9793","1,9904","1,9596","-0,0060"
25/06/2009,"1,9401","1,9678","1,9762","1,9395","-0,0141"
26/06/2009,"1,9332","1,9390","1,9524","1,9220","-0,0036"
29/06/2009,"1,9546","1,9338","1,9668","1,9283","0,0111"
30/06/2009,"1,9520","1,9562","1,9678","1,9330","-0,0013"
01/07/2009,"1,9324","1,9520","1,9520","1,9237","-0,0100"
02/07/2009,"1,9518","1,9324","1,9618","1,9316","0,0100"
03/07/2009,"1,9489","1,9538","1,9546","1,9432","-0,0015"
06/07/2009,"1,9529","1,9496","1,9833","1,9490","0,0021"
07/07/2009,"1,9912","1,9529","1,9995","1,9439","0,0196"
08/07/2009,"2,0027","1,9915","2,0254","1,9827","0,0058"
09/07/2009,"1,9890","2,0027","2,0027","1,9872","-0,0068"
10/07/2009,"1,9945","1,9890","2,0275","1,9900","0,0028"
13/07/2009,"1,9785","1,9945","2,0112","1,9739","-0,0080"
14/07/2009,"1,9601","1,9779","1,9795","1,9580","-0,0093"
15/07/2009,"1,9343","1,9603","1,9603","1,9303","-0,0132"
16/07/2009,"1,9301","1,9342","1,9423","1,9185","-0,0022"
17/07/2009,"1,9255","1,9301","1,9435","1,9204","-0,0024"
20/07/2009,"1,8961","1,9255","1,9255","1,8966","-0,0153"
21/07/2009,"1,8960","1,8961","1,9144","1,8906","-0,0001"
22/07/2009,"1,9047","1,8960","1,9103","1,8954","0,0046"
23/07/2009,"1,8990","1,9047","1,9050","1,8819","-0,0030"
24/07/2009,"1,8953","1,8990","1,9029","1,8863","-0,0019"
27/07/2009,"1,8736","1,8953","1,8953","1,8716","-0,0114"
28/07/2009,"1,8807","1,8736","1,8952","1,8726","0,0038"
29/07/2009,"1,8931","1,8802","1,9088","1,8805","0,0066"
30/07/2009,"1,8820","1,8931","1,8861","1,8720","-0,0059"
31/07/2009,"1,8645","1,8820","1,8857","1,8612","-0,0093"
03/08/2009,"1,8236","1,8642","1,8651","1,8242","-0,0219"
04/08/2009,"1,8160","1,8236","1,8419","1,8152","-0,0042"
05/08/2009,"1,8133","1,8160","1,8376","1,8061","-0,0015"
06/08/2009,"1,8388","1,8133","1,8472","1,8068","0,0141"
07/08/2009,"1,8198","1,8388","1,8436","1,8164","-0,0103"
10/08/2009,"1,8395","1,8195","1,8523","1,8128","0,0108"
11/08/2009,"1,8483","1,8353","1,8613","1,8371","0,0048"
12/08/2009,"1,8385","1,8408","1,8568","1,8290","-0,0053"
13/08/2009,"1,8218","1,8392","1,8396","1,8185","-0,0091"
14/08/2009,"1,8488","1,8218","1,8577","1,8176","0,0148"
17/08/2009,"1,8800","1,8696","1,8831","1,8615","0,0169"
18/08/2009,"1,8439","1,8800","1,8800","1,8395","-0,0192"
19/08/2009,"1,8388","1,8468","1,8643","1,8263","-0,0028"
20/08/2009,"1,8413","1,8376","1,8553","1,8304","0,0014"
21/08/2009,"1,8301","1,8400","1,8400","1,8229","-0,0061"
24/08/2009,"1,8405","1,8300","1,8453","1,8215","0,0057"
25/08/2009,"1,8610","1,8395","1,8617","1,8271","0,0111"
26/08/2009,"1,8605","1,8607","1,8756","1,8571","-0,0003"
27/08/2009,"1,8655","1,8612","1,8910","1,8513","0,0027"
28/08/2009,"1,8800","1,8577","1,8880","1,8582","0,0078"
31/08/2009,"1,8790","1,8812","1,9040","1,8674","-0,0005"
01/09/2009,"1,9121","1,8790","1,9155","1,8661","0,0176"
02/09/2009,"1,8835","1,9060","1,9217","1,8782","-0,0150"
03/09/2009,"1,8585","1,8819","1,8819","1,8593","-0,0133"
04/09/2009,"1,8415","1,8585","1,8628","1,8356","-0,0091"
07/09/2009,"1,8415","1,8415","1,8415","1,8415","0,0000"
08/09/2009,"1,8275","1,8415","1,8431","1,8206","-0,0076"
09/09/2009,"1,8324","1,8275","1,8400","1,8174","0,0027"
10/09/2009,"1,8101","1,8324","1,8408","1,8098","-0,0122"
11/09/2009,"1,8310","1,8098","1,8315","1,8032","0,0115"
14/09/2009,"1,8085","1,8290","1,8373","1,8083","-0,0123"
15/09/2009,"1,8020","1,8097","1,8195","1,8013","-0,0036"
16/09/2009,"1,8009","1,8020","1,8059","1,7915","-0,0006"
17/09/2009,"1,8035","1,8009","1,8162","1,7947","0,0014"
18/09/2009,"1,8080","1,8035","1,8133","1,7976","0,0025"
21/09/2009,"1,8220","1,8060","1,8257","1,8064","0,0077"
22/09/2009,"1,7925","1,8220","1,8220","1,7907","-0,0162"
23/09/2009,"1,7970","1,7925","1,7993","1,7801","0,0025"
24/09/2009,"1,7996","1,7970","1,8136","1,7796","0,0014"
25/09/2009,"1,7890","1,7992","1,8144","1,7872","-0,0059"
28/09/2009,"1,7859","1,7870","1,7958","1,7826","-0,0017"
29/09/2009,"1,7870","1,7905","1,7966","1,7853","0,0006"
30/09/2009,"1,7715","1,7875","1,7933","1,7591","-0,0087"
01/10/2009,"1,7855","1,7715","1,7918","1,7651","0,0079"
02/10/2009,"1,7813","1,7861","1,8069","1,7728","-0,0024"
05/10/2009,"1,7590","1,7813","1,7813","1,7593","-0,0125"
06/10/2009,"1,7548","1,7593","1,7600","1,7434","-0,0024"
07/10/2009,"1,7477","1,7720","1,7720","1,7475","-0,0040"
08/10/2009,"1,7373","1,7477","1,7522","1,7325","-0,0060"
09/10/2009,"1,7407","1,7373","1,7448","1,7328","0,0020"
12/10/2009,"1,7407","1,7407","1,7407","1,7407","0,0000"
13/10/2009,"1,7205","1,7320","1,7388","1,7208","-0,0116"
14/10/2009,"1,7005","1,7205","1,7205","1,7006","-0,0116"
15/10/2009,"1,7005","1,7005","1,7138","1,6973","0,0000"
16/10/2009,"1,7070","1,7005","1,7247","1,7007","0,0038"
19/10/2009,"1,7160","1,7075","1,7190","1,7040","0,0053"
20/10/2009,"1,7530","1,7165","1,7645","1,7165","0,0216"
21/10/2009,"1,7310","1,7530","1,7679","1,7200","-0,0125"
22/10/2009,"1,7175","1,7330","1,7407","1,7160","-0,0078"
23/10/2009,"1,7165","1,7175","1,7200","1,7070","-0,0006"
26/10/2009,"1,7325","1,7135","1,7441","1,7017","0,0093"
27/10/2009,"1,7375","1,7325","1,7460","1,7238","0,0029"
28/10/2009,"1,7765","1,7413","1,7812","1,7308","0,0224"
29/10/2009,"1,7325","1,7765","1,7770","1,7243","-0,0248"
30/10/2009,"1,7630","1,7335","1,7717","1,7180","0,0176"
02/11/2009,"1,7650","1,7630","1,7650","1,7635","0,0011"
03/11/2009,"1,7450","1,7610","1,7800","1,7356","-0,0113"
04/11/2009,"1,7200","1,7450","1,7450","1,7174","-0,0143"
05/11/2009,"1,7155","1,7210","1,7307","1,7148","-0,0026"
06/11/2009,"1,7179","1,7155","1,7265","1,7097","0,0014"
09/11/2009,"1,6999","1,7200","1,7200","1,6975","-0,0105"
10/11/2009,"1,7105","1,6980","1,7182","1,6950","0,0062"
11/11/2009,"1,7171","1,7110","1,7245","1,6986","0,0039"
12/11/2009,"1,7340","1,7183","1,7414","1,7151","0,0098"
13/11/2009,"1,7210","1,7340","1,7438","1,7153","-0,0075"
16/11/2009,"1,7113","1,7160","1,7195","1,7073","-0,0056"
17/11/2009,"1,7100","1,7120","1,7270","1,7096","-0,0008"
18/11/2009,"1,7253","1,7105","1,7277","1,7035","0,0089"
19/11/2009,"1,7263","1,7255","1,7394","1,7188","0,0006"
20/11/2009,"1,7310","1,7265","1,7370","1,7270","0,0027"
23/11/2009,"1,7268","1,7292","1,7320","1,7158","-0,0024"
24/11/2009,"1,7345","1,7268","1,7383","1,7203","0,0045"
25/11/2009,"1,7279","1,7260","1,7373","1,7199","-0,0038"
26/11/2009,"1,7470","1,7345","1,7545","1,7270","0,0111"
27/11/2009,"1,7400","1,7474","1,7605","1,7304","-0,0040"
30/11/2009,"1,7550","1,7395","1,7580","1,7357","0,0086"
01/12/2009,"1,7224","1,7492","1,7495","1,7196","-0,0186"
02/12/2009,"1,7170","1,7221","1,7250","1,7144","-0,0031"
03/12/2009,"1,7084","1,7170","1,7180","1,7030","-0,0050"
04/12/2009,"1,7305","1,7100","1,7340","1,6996","0,0129"
07/12/2009,"1,7340","1,7305","1,7430","1,7198","0,0020"
08/12/2009,"1,7610","1,7331","1,7670","1,7261","0,0156"
09/12/2009,"1,7620","1,7620","1,7752","1,7465","0,0006"
10/12/2009,"1,7555","1,7621","1,7743","1,7495","-0,0037"
11/12/2009,"1,7591","1,7564","1,7673","1,7458","0,0021"
14/12/2009,"1,7443","1,7571","1,7571","1,7393","-0,0084"
15/12/2009,"1,7533","1,7408","1,7666","1,7408","0,0052"
16/12/2009,"1,7550","1,7505","1,7564","1,7435","0,0010"
17/12/2009,"1,7820","1,7559","1,7962","1,7545","0,0154"
18/12/2009,"1,7795","1,7816","1,8006","1,7752","-0,0014"
21/12/2009,"1,7836","1,7785","1,7865","1,7693","0,0023"
22/12/2009,"1,7797","1,7821","1,7897","1,7769","-0,0022"
23/12/2009,"1,7614","1,7779","1,7821","1,7503","-0,0103"
24/12/2009,"1,7620","1,7614","1,7620","1,7619","0,0003"
25/12/2009,"1,7620","1,7620","1,7620","1,7620","0,0000"
28/12/2009,"1,7405","1,7465","1,7490","1,7308","-0,0122"
29/12/2009,"1,7420","1,7401","1,7462","1,7269","0,0009"
30/12/2009,"1,7398","1,7411","1,7496","1,7359","-0,0013"
31/12/2009,"1,7425","1,7396","1,7430","1,7399","0,0016"
01/01/2010,"1,7425","1,7425","1,7425","1,7425","0,0000"
04/01/2010,"1,7212","1,7288","1,7338","1,7168","-0,0122"
05/01/2010,"1,7300","1,7183","1,7388","1,7143","0,0051"
06/01/2010,"1,7322","1,7293","1,7390","1,7243","0,0013"
07/01/2010,"1,7455","1,7300","1,7508","1,7305","0,0077"
08/01/2010,"1,7257","1,7456","1,7517","1,7218","-0,0113"
11/01/2010,"1,7350","1,7255","1,7385","1,7148","0,0054"
12/01/2010,"1,7470","1,7330","1,7496","1,7318","0,0069"
13/01/2010,"1,7565","1,7457","1,7612","1,7338","0,0054"
14/01/2010,"1,7575","1,7565","1,7730","1,7490","0,0006"
15/01/2010,"1,7712","1,7575","1,7737","1,7558","0,0078"
18/01/2010,"1,7595","1,7705","1,7782","1,7588","-0,0066"
19/01/2010,"1,7706","1,7595","1,7812","1,7600","0,0063"
20/01/2010,"1,7885","1,7694","1,7946","1,7695","0,0101"
21/01/2010,"1,8025","1,7875","1,8087","1,7810","0,0078"
22/01/2010,"1,8157","1,8025","1,8326","1,7858","0,0073"
25/01/2010,"1,8205","1,8145","1,8235","1,8090","0,0026"
26/01/2010,"1,8350","1,8155","1,8495","1,8131","0,0080"
27/01/2010,"1,8520","1,8355","1,8695","1,8303","0,0093"
28/01/2010,"1,8690","1,8570","1,8780","1,8436","0,0092"
29/01/2010,"1,8847","1,8690","1,8968","1,8475","0,0084"
01/02/2010,"1,8565","1,8680","1,8975","1,8463","-0,0150"
02/02/2010,"1,8292","1,8462","1,8485","1,8240","-0,0147"
03/02/2010,"1,8500","1,8292","1,8567","1,8095","0,0114"
04/02/2010,"1,8734","1,8405","1,8975","1,8415","0,0126"
05/02/2010,"1,8810","1,8795","1,8940","1,8612","0,0041"
08/02/2010,"1,8750","1,8810","1,8890","1,8510","-0,0032"
09/02/2010,"1,8465","1,8696","1,8825","1,8392","-0,0152"
10/02/2010,"1,8560","1,8465","1,8640","1,8310","0,0051"
11/02/2010,"1,8525","1,8485","1,8626","1,8385","-0,0019"
12/02/2010,"1,8457","1,8525","1,8730","1,8455","-0,0037"
15/02/2010,"1,8535","1,8610","1,8610","1,8538","0,0042"
16/02/2010,"1,8357","1,8535","1,8589","1,8371","-0,0096"
17/02/2010,"1,8321","1,8385","1,8545","1,8255","-0,0020"
18/02/2010,"1,8265","1,8320","1,8430","1,8071","-0,0031"
19/02/2010,"1,8035","1,8215","1,8246","1,7923","-0,0126"
22/02/2010,"1,8110","1,7983","1,8121","1,7878","0,0042"
23/02/2010,"1,8250","1,8115","1,8305","1,8040","0,0077"
24/02/2010,"1,8245","1,8250","1,8275","1,8163","-0,0003"
25/02/2010,"1,8230","1,8244","1,8406","1,8146","-0,0008"
26/02/2010,"1,8067","1,8236","1,8327","1,7985","-0,0089"
01/03/2010,"1,7955","1,8058","1,8137","1,7936","-0,0062"
02/03/2010,"1,7917","1,7955","1,7967","1,7799","-0,0021"
03/03/2010,"1,7897","1,7917","1,7939","1,7740","-0,0011"
04/03/2010,"1,7878","1,7895","1,7948","1,7820","-0,0011"
05/03/2010,"1,7777","1,7876","1,7905","1,7761","-0,0056"
08/03/2010,"1,7870","1,7771","1,7910","1,7706","0,0052"
09/03/2010,"1,7749","1,7875","1,8010","1,7752","-0,0068"
10/03/2010,"1,7682","1,7751","1,7815","1,7653","-0,0038"
11/03/2010,"1,7636","1,7682","1,7751","1,7634","-0,0026"
12/03/2010,"1,7620","1,7637","1,7690","1,7567","-0,0009"
15/03/2010,"1,7628","1,7631","1,7685","1,7600","0,0005"
16/03/2010,"1,7662","1,7626","1,7699","1,7582","0,0019"
17/03/2010,"1,7662","1,7662","1,7683","1,7583","0,0000"
18/03/2010,"1,7898","1,7680","1,7920","1,7666","0,0134"
19/03/2010,"1,8004","1,7903","1,8025","1,7839","0,0059"
22/03/2010,"1,7864","1,8004","1,8130","1,7869","-0,0078"
23/03/2010,"1,7762","1,7864","1,7951","1,7747","-0,0057"
24/03/2010,"1,7997","1,7762","1,8020","1,7767","0,0132"
25/03/2010,"1,8180","1,7997","1,8201","1,7898","0,0102"
26/03/2010,"1,8176","1,8201","1,8302","1,8068","-0,0002"
29/03/2010,"1,7944","1,8176","1,8179","1,7918","-0,0128"
30/03/2010,"1,7887","1,7944","1,7998","1,7858","-0,0032"
31/03/2010,"1,7836","1,7887","1,7909","1,7748","-0,0029"
01/04/2010,"1,7630","1,7797","1,7815","1,7635","-0,0115"
02/04/2010,"1,7640","1,7630","1,7655","1,7645","0,0006"
05/04/2010,"1,7609","1,7640","1,7652","1,7518","-0,0018"
06/04/2010,"1,7542","1,7612","1,7705","1,7503","-0,0038"
07/04/2010,"1,7795","1,7532","1,7811","1,7513","0,0144"
08/04/2010,"1,7780","1,7800","1,7897","1,7698","-0,0008"
09/04/2010,"1,7647","1,7796","1,7796","1,7629","-0,0075"
12/04/2010,"1,7532","1,7622","1,7698","1,7532","-0,0065"
13/04/2010,"1,7485","1,7538","1,7682","1,7480","-0,0027"
14/04/2010,"1,7446","1,7485","1,7505","1,7400","-0,0022"
15/04/2010,"1,7484","1,7447","1,7588","1,7305","0,0022"
16/04/2010,"1,7560","1,7486","1,7669","1,7410","0,0043"
19/04/2010,"1,7547","1,7601","1,7686","1,7495","-0,0007"
20/04/2010,"1,7521","1,7546","1,7560","1,7445","-0,0015"
21/04/2010,"1,7520","1,7520","1,7530","1,7499","-0,0001"
22/04/2010,"1,7643","1,7521","1,7715","1,7514","0,0070"
23/04/2010,"1,7562","1,7643","1,7672","1,7542","-0,0046"
26/04/2010,"1,7460","1,7538","1,7558","1,7415","-0,0058"
27/04/2010,"1,7708","1,7445","1,7727","1,7441","0,0142"
28/04/2010,"1,7507","1,7595","1,7676","1,7453","-0,0114"
29/04/2010,"1,7288","1,7516","1,7520","1,7218","-0,0125"
30/04/2010,"1,7340","1,7283","1,7402","1,7197","0,0030"
03/05/2010,"1,7267","1,7370","1,7375","1,7258","-0,0042"
04/05/2010,"1,7632","1,7267","1,7649","1,7266","0,0211"
05/05/2010,"1,7930","1,7623","1,7995","1,7626","0,0169"
06/05/2010,"1,8542","1,7942","1,8959","1,7898","0,0341"
07/05/2010,"1,8365","1,8542","1,8748","1,8180","-0,0095"
10/05/2010,"1,7710","1,8365","1,8365","1,7678","-0,0357"
11/05/2010,"1,7887","1,7710","1,7907","1,7715","0,0100"
12/05/2010,"1,7720","1,7887","1,7887","1,7659","-0,0093"
13/05/2010,"1,7733","1,7719","1,7802","1,7639","0,0007"
14/05/2010,"1,7970","1,7733","1,8177","1,7736","0,0134"
17/05/2010,"1,8000","1,7970","1,8346","1,7899","0,0017"
18/05/2010,"1,8201","1,7999","1,8227","1,7796","0,0112"
19/05/2010,"1,8269","1,8201","1,8583","1,8185","0,0037"
20/05/2010,"1,8814","1,8572","1,8973","1,8513","0,0298"
21/05/2010,"1,8515","1,8814","1,9033","1,8440","-0,0159"
24/05/2010,"1,8680","1,8529","1,8717","1,8396","0,0089"
25/05/2010,"1,8436","1,8680","1,9157","1,8431","-0,0131"
26/05/2010,"1,8715","1,8437","1,8722","1,8288","0,0151"
27/05/2010,"1,8138","1,8715","1,8715","1,8108","-0,0308"
28/05/2010,"1,8168","1,8138","1,8292","1,7986","0,0017"
31/05/2010,"1,8198","1,8145","1,8239","1,7823","0,0017"
01/06/2010,"1,8475","1,8192","1,8475","1,8151","0,0152"
02/06/2010,"1,8175","1,8475","1,8490","1,8155","-0,0162"
03/06/2010,"1,8194","1,8170","1,8229","1,8145","0,0010"
04/06/2010,"1,8625","1,8194","1,8665","1,8191","0,0237"
07/06/2010,"1,8785","1,8625","1,8821","1,8516","0,0086"
08/06/2010,"1,8535","1,8785","1,8805","1,8511","-0,0133"
09/06/2010,"1,8498","1,8535","1,8535","1,8341","-0,0020"
10/06/2010,"1,8015","1,8498","1,8498","1,8023","-0,0261"
11/06/2010,"1,8087","1,8015","1,8170","1,7958","0,0040"
14/06/2010,"1,8108","1,8087","1,8123","1,7902","0,0012"
15/06/2010,"1,7845","1,8108","1,8108","1,7822","-0,0145"
16/06/2010,"1,7851","1,7846","1,7995","1,7795","0,0003"
17/06/2010,"1,7803","1,7850","1,7914","1,7750","-0,0027"
18/06/2010,"1,7708","1,7803","1,7854","1,7668","-0,0053"
21/06/2010,"1,7711","1,7708","1,7748","1,7493","0,0002"
22/06/2010,"1,7879","1,7704","1,7894","1,7611","0,0095"
23/06/2010,"1,7866","1,7879","1,8083","1,7833","-0,0007"
24/06/2010,"1,7820","1,7866","1,8025","1,7774","-0,0026"
25/06/2010,"1,7780","1,7820","1,7891","1,7740","-0,0022"
28/06/2010,"1,7812","1,7751","1,7863","1,7732","0,0018"
29/06/2010,"1,8116","1,7801","1,8177","1,7779","0,0171"
30/06/2010,"1,8037","1,8110","1,8135","1,7890","-0,0044"
01/07/2010,"1,7896","1,8037","1,8129","1,7876","-0,0078"
02/07/2010,"1,7695","1,7896","1,7969","1,7672","-0,0112"
05/07/2010,"1,7748","1,7665","1,7810","1,7668","0,0030"
06/07/2010,"1,7789","1,7748","1,7857","1,7540","0,0023"
07/07/2010,"1,7655","1,7790","1,7865","1,7598","-0,0075"
08/07/2010,"1,7636","1,7663","1,7759","1,7554","-0,0011"
09/07/2010,"1,7580","1,7636","1,7657","1,7570","-0,0032"
12/07/2010,"1,7605","1,7583","1,7704","1,7562","0,0014"
13/07/2010,"1,7538","1,7600","1,7639","1,7484","-0,0038"
14/07/2010,"1,7629","1,7540","1,7692","1,7516","0,0052"
15/07/2010,"1,7628","1,7628","1,7795","1,7511","-0,0001"
16/07/2010,"1,7824","1,7628","1,7882","1,7620","0,0111"
19/07/2010,"1,7914","1,7840","1,7944","1,7670","0,0050"
20/07/2010,"1,7735","1,7914","1,8004","1,7697","-0,0100"
21/07/2010,"1,7805","1,7734","1,7859","1,7673","0,0039"
22/07/2010,"1,7576","1,7805","1,7829","1,7558","-0,0129"
23/07/2010,"1,7727","1,7575","1,7750","1,7528","0,0086"
26/07/2010,"1,7615","1,7727","1,7743","1,7614","-0,0063"
27/07/2010,"1,7684","1,7625","1,7726","1,7529","0,0039"
28/07/2010,"1,7656","1,7684","1,7745","1,7563","-0,0016"
29/07/2010,"1,7597","1,7695","1,7748","1,7562","-0,0033"
30/07/2010,"1,7525","1,7597","1,7718","1,7532","-0,0041"
02/08/2010,"1,7509","1,7538","1,7603","1,7435","-0,0009"
03/08/2010,"1,7554","1,7509","1,7643","1,7496","0,0026"
04/08/2010,"1,7504","1,7581","1,7668","1,7497","-0,0028"
05/08/2010,"1,7523","1,7517","1,7612","1,7491","0,0011"
06/08/2010,"1,7580","1,7523","1,7633","1,7500","0,0033"
09/08/2010,"1,7460","1,7573","1,7654","1,7470","-0,0068"
10/08/2010,"1,7524","1,7460","1,7639","1,7478","0,0037"
11/08/2010,"1,7738","1,7524","1,7763","1,7524","0,0122"
12/08/2010,"1,7682","1,7739","1,7823","1,7658","-0,0032"
13/08/2010,"1,7718","1,7682","1,7770","1,7654","0,0020"
16/08/2010,"1,7567","1,7721","1,7737","1,7522","-0,0085"
17/08/2010,"1,7544","1,7540","1,7604","1,7472","-0,0013"
18/08/2010,"1,7513","1,7544","1,7579","1,7460","-0,0018"
19/08/2010,"1,7564","1,7531","1,7660","1,7506","0,0029"
20/08/2010,"1,7559","1,7564","1,7660","1,7537","-0,0003"
23/08/2010,"1,7690","1,7578","1,7708","1,7498","0,0075"
24/08/2010,"1,7708","1,7690","1,7824","1,7617","0,0010"
25/08/2010,"1,7633","1,7688","1,7776","1,7618","-0,0042"
26/08/2010,"1,7613","1,7633","1,7661","1,7563","-0,0011"
27/08/2010,"1,7490","1,7613","1,7657","1,7485","-0,0070"
30/08/2010,"1,7587","1,7494","1,7620","1,7481","0,0055"
31/08/2010,"1,7548","1,7587","1,7696","1,7516","-0,0022"
01/09/2010,"1,7447","1,7544","1,7629","1,7373","-0,0058"
02/09/2010,"1,7253","1,7447","1,7495","1,7240","-0,0111"
03/09/2010,"1,7322","1,7260","1,7367","1,7149","0,0040"
06/09/2010,"1,7267","1,7322","1,7379","1,7218","-0,0032"
07/09/2010,"1,7318","1,7267","1,7341","1,7257","0,0030"
08/09/2010,"1,7253","1,7292","1,7351","1,7193","-0,0038"
09/09/2010,"1,7198","1,7249","1,7295","1,7185","-0,0032"
10/09/2010,"1,7213","1,7195","1,7269","1,7151","0,0009"
13/09/2010,"1,7095","1,7213","1,7225","1,7090","-0,0069"
14/09/2010,"1,7095","1,7095","1,7175","1,7025","0,0000"
15/09/2010,"1,7232","1,7095","1,7293","1,7066","0,0080"
16/09/2010,"1,7118","1,7232","1,7253","1,7109","-0,0066"
17/09/2010,"1,7212","1,7118","1,7232","1,7092","0,0055"
20/09/2010,"1,7323","1,7212","1,7356","1,7123","0,0064"
21/09/2010,"1,7111","1,7332","1,7378","1,7090","-0,0122"
22/09/2010,"1,7182","1,7111","1,7263","1,7028","0,0041"
23/09/2010,"1,7223","1,7182","1,7273","1,7131","0,0024"
24/09/2010,"1,7088","1,7223","1,7268","1,7067","-0,0078"
27/09/2010,"1,7094","1,7119","1,7170","1,7052","0,0004"
28/09/2010,"1,7075","1,7094","1,7158","1,7040","-0,0011"
29/09/2010,"1,7000","1,7075","1,7149","1,6973","-0,0044"
30/09/2010,"1,6871","1,7000","1,7073","1,6858","-0,0076"
01/10/2010,"1,6892","1,6871","1,6910","1,6723","0,0012"
04/10/2010,"1,6972","1,6894","1,7038","1,6810","0,0047"
05/10/2010,"1,6631","1,6972","1,7019","1,6628","-0,0201"
06/10/2010,"1,6779","1,6631","1,6902","1,6619","0,0089"
07/10/2010,"1,6809","1,6780","1,6901","1,6671","0,0018"
08/10/2010,"1,6643","1,6808","1,6924","1,6634","-0,0099"
11/10/2010,"1,6701","1,6653","1,6711","1,6607","0,0035"
12/10/2010,"1,6697","1,6711","1,6716","1,6697","-0,0002"
13/10/2010,"1,6512","1,6562","1,6619","1,6507","-0,0111"
14/10/2010,"1,6595","1,6524","1,6659","1,6433","0,0050"
15/10/2010,"1,6651","1,6595","1,6676","1,6507","0,0034"
18/10/2010,"1,6720","1,6650","1,6779","1,6586","0,0041"
19/10/2010,"1,6821","1,6720","1,7002","1,6725","0,0060"
20/10/2010,"1,6757","1,6821","1,6834","1,6696","-0,0038"
21/10/2010,"1,6964","1,6757","1,7033","1,6710","0,0124"
22/10/2010,"1,7054","1,6964","1,7133","1,6879","0,0053"
25/10/2010,"1,6953","1,7054","1,7143","1,6944","-0,0059"
26/10/2010,"1,7028","1,6953","1,7103","1,6931","0,0044"
27/10/2010,"1,7198","1,7028","1,7254","1,7016","0,0100"
28/10/2010,"1,7040","1,7198","1,7208","1,7039","-0,0092"
29/10/2010,"1,7007","1,7040","1,7125","1,6945","-0,0019"
01/11/2010,"1,7033","1,7007","1,7093","1,6927","0,0015"
02/11/2010,"1,7037","1,7033","1,7040","1,7038","0,0002"
03/11/2010,"1,6896","1,7043","1,7052","1,6873","-0,0083"
04/11/2010,"1,6695","1,6838","1,6884","1,6685","-0,0119"
05/11/2010,"1,6785","1,6695","1,6846","1,6700","0,0054"
08/11/2010,"1,6998","1,6783","1,7020","1,6786","0,0127"
09/11/2010,"1,7002","1,6998","1,7040","1,6894","0,0002"
10/11/2010,"1,7071","1,7002","1,7176","1,6982","0,0041"
11/11/2010,"1,7153","1,7071","1,7240","1,7042","0,0048"
12/11/2010,"1,7214","1,7153","1,7280","1,7107","0,0036"
15/11/2010,"1,7216","1,7214","1,7221","1,7208","0,0001"
16/11/2010,"1,7398","1,7216","1,7427","1,7207","0,0106"
17/11/2010,"1,7259","1,7398","1,7416","1,7212","-0,0080"
18/11/2010,"1,7110","1,7259","1,7278","1,7092","-0,0086"
19/11/2010,"1,7149","1,7107","1,7243","1,7065","0,0023"
22/11/2010,"1,7208","1,7149","1,7306","1,7095","0,0034"
23/11/2010,"1,7354","1,7228","1,7418","1,7218","0,0085"
24/11/2010,"1,7205","1,7348","1,7352","1,7174","-0,0086"
25/11/2010,"1,7206","1,7213","1,7268","1,7167","0,0001"
26/11/2010,"1,7264","1,7350","1,7388","1,7228","0,0034"
29/11/2010,"1,7178","1,7264","1,7348","1,7157","-0,0050"
30/11/2010,"1,7145","1,7178","1,7272","1,7118","-0,0019"
01/12/2010,"1,7050","1,7135","1,7167","1,7015","-0,0055"
02/12/2010,"1,6955","1,7050","1,7078","1,6954","-0,0056"
03/12/2010,"1,6870","1,6957","1,7034","1,6833","-0,0050"
06/12/2010,"1,6744","1,6844","1,6924","1,6742","-0,0075"
07/12/2010,"1,6815","1,6727","1,6842","1,6676","0,0042"
08/12/2010,"1,6893","1,6825","1,6987","1,6787","0,0046"
09/12/2010,"1,7092","1,6877","1,7162","1,6868","0,0118"
10/12/2010,"1,7061","1,7092","1,7220","1,7023","-0,0018"
13/12/2010,"1,6930","1,7064","1,7104","1,6932","-0,0077"
14/12/2010,"1,6966","1,6937","1,7003","1,6877","0,0021"
15/12/2010,"1,7093","1,7000","1,7102","1,6937","0,0075"
16/12/2010,"1,7024","1,7085","1,7115","1,6982","-0,0040"
17/12/2010,"1,7133","1,6972","1,7182","1,6957","0,0064"
20/12/2010,"1,7057","1,7141","1,7149","1,7053","-0,0044"
21/12/2010,"1,6947","1,7066","1,7069","1,6933","-0,0064"
22/12/2010,"1,6994","1,6956","1,7026","1,6908","0,0028"
23/12/2010,"1,6898","1,6978","1,7028","1,6883","-0,0056"
24/12/2010,"1,6907","1,6907","1,6909","1,6901","0,0005"
27/12/2010,"1,6851","1,6907","1,6942","1,6843","-0,0033"
28/12/2010,"1,6907","1,6821","1,6933","1,6778","0,0033"
29/12/2010,"1,6767","1,6902","1,6922","1,6761","-0,0083"
30/12/2010,"1,6597","1,6767","1,6798","1,6593","-0,0101"
31/12/2010,"1,6593","1,6593","1,6596","1,6596","-0,0002"
03/01/2011,"1,6465","1,6593","1,6637","1,6433","-0,0077"
04/01/2011,"1,6605","1,6476","1,6732","1,6455","0,0085"
05/01/2011,"1,6732","1,6619","1,6767","1,6600","0,0076"
06/01/2011,"1,6851","1,6731","1,6945","1,6724","0,0071"
07/01/2011,"1,6827","1,6865","1,6915","1,6770","-0,0014"
10/01/2011,"1,6883","1,6823","1,6965","1,6824","0,0033"
11/01/2011,"1,6829","1,6875","1,6925","1,6828","-0,0032"
12/01/2011,"1,6726","1,6827","1,6831","1,6722","-0,0061"
13/01/2011,"1,6721","1,6706","1,6766","1,6652","-0,0003"
14/01/2011,"1,6851","1,6852","1,6895","1,6782","0,0078"
17/01/2011,"1,6796","1,6861","1,6869","1,6777","-0,0033"
18/01/2011,"1,6737","1,6806","1,6808","1,6701","-0,0035"
19/01/2011,"1,6700","1,6755","1,6763","1,6661","-0,0022"
20/01/2011,"1,6733","1,6715","1,6768","1,6653","0,0020"
21/01/2011,"1,6759","1,6723","1,6794","1,6677","0,0016"
24/01/2011,"1,6705","1,6764","1,6823","1,6686","-0,0032"
25/01/2011,"1,6717","1,6710","1,6735","1,6693","0,0007"
26/01/2011,"1,6673","1,6717","1,6724","1,6646","-0,0026"
27/01/2011,"1,6757","1,6670","1,6803","1,6619","0,0050"
28/01/2011,"1,6818","1,6757","1,6873","1,6730","0,0036"
31/01/2011,"1,6670","1,6842","1,6863","1,6659","-0,0088"
01/02/2011,"1,6643","1,6669","1,6681","1,6603","-0,0016"
02/02/2011,"1,6676","1,6622","1,6688","1,6619","0,0020"
03/02/2011,"1,6678","1,6677","1,6733","1,6645","0,0001"
04/02/2011,"1,6730","1,6677","1,6787","1,6638","0,0031"
07/02/2011,"1,6784","1,6735","1,6805","1,6707","0,0032"
08/02/2011,"1,6645","1,6785","1,6796","1,6628","-0,0083"
09/02/2011,"1,6566","1,6646","1,6713","1,6576","-0,0047"
10/02/2011,"1,6681","1,6561","1,6843","1,6579","0,0069"
11/02/2011,"1,6656","1,6697","1,6783","1,6582","-0,0015"
14/02/2011,"1,6665","1,6643","1,6707","1,6622","0,0005"
15/02/2011,"1,6690","1,6674","1,6707","1,6626","0,0015"
16/02/2011,"1,6690","1,6702","1,6747","1,6641","0,0000"
17/02/2011,"1,6563","1,6712","1,6752","1,6572","-0,0076"
18/02/2011,"1,6623","1,6624","1,6754","1,6570","0,0036"
21/02/2011,"1,6679","1,6633","1,6754","1,6617","0,0034"
22/02/2011,"1,6711","1,6679","1,6743","1,6635","0,0019"
23/02/2011,"1,6735","1,6711","1,6768","1,6653","0,0014"
24/02/2011,"1,6635","1,6735","1,6751","1,6612","-0,0060"
25/02/2011,"1,6622","1,6739","1,6695","1,6570","-0,0008"
28/02/2011,"1,6635","1,6622","1,6675","1,6555","0,0008"
01/03/2011,"1,6628","1,6635","1,6646","1,6588","-0,0004"
02/03/2011,"1,6570","1,6632","1,6650","1,6570","-0,0035"
03/03/2011,"1,6484","1,6570","1,6581","1,6488","-0,0052"
04/03/2011,"1,6550","1,6484","1,6558","1,6422","0,0040"
07/03/2011,"1,6521","1,6550","1,6554","1,6526","-0,0018"
08/03/2011,"1,6535","1,6532","1,6546","1,6533","0,0008"
09/03/2011,"1,6533","1,6443","1,6582","1,6444","-0,0001"
10/03/2011,"1,6618","1,6533","1,6656","1,6538","0,0051"
11/03/2011,"1,6650","1,6618","1,6701","1,6596","0,0019"
14/03/2011,"1,6588","1,6648","1,6691","1,6591","-0,0037"
15/03/2011,"1,6650","1,6588","1,6786","1,6591","0,0037"
16/03/2011,"1,6752","1,6648","1,6783","1,6600","0,0061"
17/03/2011,"1,6772","1,6755","1,6931","1,6660","0,0012"
18/03/2011,"1,6645","1,6781","1,6793","1,6647","-0,0076"
21/03/2011,"1,6664","1,6672","1,6691","1,6576","0,0011"
22/03/2011,"1,6590","1,6664","1,6688","1,6583","-0,0044"
23/03/2011,"1,6606","1,6590","1,6648","1,6571","0,0010"
24/03/2011,"1,6588","1,6606","1,6622","1,6546","-0,0011"
25/03/2011,"1,6605","1,6593","1,6623","1,6545","0,0010"
28/03/2011,"1,6624","1,6577","1,6651","1,6581","0,0011"
29/03/2011,"1,6455","1,6624","1,6650","1,6459","-0,0102"
30/03/2011,"1,6284","1,6464","1,6498","1,6262","-0,0104"
31/03/2011,"1,6315","1,6282","1,6345","1,6208","0,0019"
01/04/2011,"1,6271","1,6308","1,6309","1,6055","-0,0027"
04/04/2011,"1,6067","1,6198","1,6208","1,6036","-0,0125"
05/04/2011,"1,6081","1,6067","1,6139","1,6059","0,0009"
06/04/2011,"1,6144","1,6077","1,6174","1,6006","0,0039"
07/04/2011,"1,5855","1,6144","1,6145","1,5812","-0,0179"
08/04/2011,"1,5684","1,5837","1,5861","1,5667","-0,0108"
11/04/2011,"1,5824","1,5684","1,5846","1,5686","0,0089"
12/04/2011,"1,5955","1,5791","1,5965","1,5751","0,0083"
13/04/2011,"1,5857","1,5942","1,5968","1,5797","-0,0061"
14/04/2011,"1,5773","1,5857","1,5915","1,5766","-0,0053"
15/04/2011,"1,5753","1,5778","1,5827","1,5711","-0,0013"
18/04/2011,"1,5881","1,5761","1,6003","1,5762","0,0081"
19/04/2011,"1,5754","1,5881","1,5882","1,5731","-0,0080"
20/04/2011,"1,5659","1,5622","1,5840","1,5612","-0,0060"
21/04/2011,"1,5635","1,5663","1,5677","1,5636","-0,0015"
22/04/2011,"1,5635","1,5635","1,5635","1,5635","0,0000"
25/04/2011,"1,5675","1,5610","1,5778","1,5605","0,0026"
26/04/2011,"1,5614","1,5675","1,5689","1,5612","-0,0039"
27/04/2011,"1,5664","1,5614","1,5735","1,5563","0,0032"
28/04/2011,"1,5810","1,5645","1,5953","1,5638","0,0093"
29/04/2011,"1,5765","1,5740","1,5823","1,5660","-0,0028"
02/05/2011,"1,5882","1,5765","1,5914","1,5688","0,0074"
03/05/2011,"1,5878","1,5882","1,5973","1,5815","-0,0003"
04/05/2011,"1,6150","1,5878","1,6177","1,5805","0,0171"
05/05/2011,"1,6209","1,6150","1,6289","1,6102","0,0037"
06/05/2011,"1,6149","1,6209","1,6238","1,6013","-0,0037"
09/05/2011,"1,6129","1,6150","1,6299","1,6079","-0,0012"
10/05/2011,"1,6027","1,6129","1,6160","1,6016","-0,0063"
11/05/2011,"1,6204","1,6027","1,6258","1,6026","0,0110"
12/05/2011,"1,6191","1,6204","1,6303","1,6142","-0,0008"
13/05/2011,"1,6356","1,6190","1,6459","1,6118","0,0102"
16/05/2011,"1,6341","1,6354","1,6394","1,6242","-0,0009"
17/05/2011,"1,6154","1,6341","1,6393","1,6134","-0,0114"
18/05/2011,"1,6088","1,6154","1,6214","1,6074","-0,0041"
19/05/2011,"1,6160","1,6088","1,6208","1,6053","0,0045"
20/05/2011,"1,6220","1,6160","1,6259","1,6100","0,0037"
23/05/2011,"1,6330","1,6210","1,6404","1,6215","0,0068"
24/05/2011,"1,6239","1,6335","1,6345","1,6206","-0,0056"
25/05/2011,"1,6284","1,6239","1,6320","1,6233","0,0028"
26/05/2011,"1,6153","1,6284","1,6311","1,6109","-0,0080"
27/05/2011,"1,5940","1,6153","1,6181","1,5933","-0,0132"
30/05/2011,"1,5880","1,5940","1,5976","1,5855","-0,0038"
31/05/2011,"1,5795","1,5941","1,5964","1,5757","-0,0054"
01/06/2011,"1,5928","1,5783","1,5951","1,5751","0,0084"
02/06/2011,"1,5749","1,5928","1,5941","1,5745","-0,0112"
03/06/2011,"1,5755","1,5749","1,5848","1,5703","0,0004"
06/06/2011,"1,5836","1,5745","1,5853","1,5748","0,0051"
07/06/2011,"1,5803","1,5826","1,5849","1,5736","-0,0021"
08/06/2011,"1,5807","1,5803","1,5877","1,5775","0,0003"
09/06/2011,"1,5824","1,5797","1,5907","1,5776","0,0011"
10/06/2011,"1,5958","1,5824","1,6010","1,5824","0,0085"
13/06/2011,"1,5827","1,5958","1,5986","1,5827","-0,0082"
14/06/2011,"1,5823","1,5827","1,5873","1,5792","-0,0003"
15/06/2011,"1,5997","1,5813","1,6057","1,5828","0,0110"
16/06/2011,"1,6019","1,5997","1,6163","1,5983","0,0014"
17/06/2011,"1,5975","1,6019","1,6029","1,5939","-0,0027"
20/06/2011,"1,5957","1,5962","1,6085","1,5916","-0,0011"
21/06/2011,"1,5860","1,5958","1,5992","1,5853","-0,0061"
22/06/2011,"1,5909","1,5860","1,5914","1,5843","0,0031"
23/06/2011,"1,5905","1,5899","1,5919","1,5909","-0,0003"
24/06/2011,"1,6039","1,5953","1,6076","1,5903","0,0084"
27/06/2011,"1,5935","1,6029","1,6050","1,5938","-0,0065"
28/06/2011,"1,5757","1,5935","1,5956","1,5748","-0,0112"
29/06/2011,"1,5669","1,5747","1,5794","1,5665","-0,0056"
30/06/2011,"1,5617","1,5661","1,5688","1,5573","-0,0033"
01/07/2011,"1,5568","1,5616","1,5649","1,5528","-0,0031"
04/07/2011,"1,5522","1,5558","1,5599","1,5513","-0,0030"
05/07/2011,"1,5648","1,5522","1,5671","1,5522","0,0081"
06/07/2011,"1,5687","1,5648","1,5735","1,5615","0,0025"
07/07/2011,"1,5545","1,5690","1,5705","1,5527","-0,0091"
08/07/2011,"1,5649","1,5516","1,5679","1,5527","0,0067"
11/07/2011,"1,5796","1,5614","1,5855","1,5623","0,0094"
12/07/2011,"1,5790","1,5775","1,5856","1,5722","-0,0004"
13/07/2011,"1,5715","1,5816","1,5839","1,5677","-0,0047"
14/07/2011,"1,5765","1,5745","1,5802","1,5688","0,0032"
15/07/2011,"1,5741","1,5755","1,5801","1,5715","-0,0015"
18/07/2011,"1,5766","1,5738","1,5846","1,5733","0,0016"
19/07/2011,"1,5660","1,5771","1,5800","1,5623","-0,0067"
20/07/2011,"1,5649","1,5664","1,5687","1,5571","-0,0007"
21/07/2011,"1,5522","1,5650","1,5658","1,5513","-0,0081"
22/07/2011,"1,5517","1,5523","1,5598","1,5507","-0,0003"
25/07/2011,"1,5397","1,5532","1,5564","1,5358","-0,0077"
26/07/2011,"1,5378","1,5408","1,5420","1,5280","-0,0012"
27/07/2011,"1,5545","1,5378","1,5721","1,5383","0,0109"
28/07/2011,"1,5665","1,5553","1,5710","1,5532","0,0077"
29/07/2011,"1,5485","1,5665","1,5738","1,5465","-0,0115"
01/08/2011,"1,5661","1,5496","1,5668","1,5450","0,0114"
02/08/2011,"1,5655","1,5661","1,5753","1,5605","-0,0004"
03/08/2011,"1,5616","1,5655","1,5698","1,5587","-0,0025"
04/08/2011,"1,5868","1,5616","1,5899","1,5607","0,0161"
05/08/2011,"1,5754","1,5868","1,6018","1,5755","-0,0072"
08/08/2011,"1,6260","1,5874","1,6273","1,5864","0,0321"
09/08/2011,"1,5886","1,6260","1,6585","1,5856","-0,0230"
10/08/2011,"1,6225","1,5886","1,6316","1,5894","0,0213"
11/08/2011,"1,6267","1,6220","1,6420","1,6149","0,0026"
12/08/2011,"1,6104","1,6268","1,6282","1,6026","-0,0100"
15/08/2011,"1,5875","1,6125","1,6140","1,5873","-0,0142"
16/08/2011,"1,5892","1,5896","1,6031","1,5841","0,0011"
17/08/2011,"1,5883","1,5897","1,5914","1,5776","-0,0006"
18/08/2011,"1,5982","1,5883","1,6122","1,5878","0,0062"
19/08/2011,"1,5993","1,5991","1,6059","1,5892","0,0007"
22/08/2011,"1,6068","1,5970","1,6083","1,5858","0,0047"
23/08/2011,"1,5963","1,6076","1,6084","1,5923","-0,0065"
24/08/2011,"1,6127","1,5958","1,6151","1,5966","0,0103"
25/08/2011,"1,6089","1,6137","1,6180","1,6023","-0,0024"
26/08/2011,"1,6026","1,6096","1,6162","1,6001","-0,0039"
29/08/2011,"1,5907","1,6037","1,6042","1,5898","-0,0074"
30/08/2011,"1,5958","1,5907","1,5988","1,5831","0,0032"
31/08/2011,"1,5887","1,5948","1,6027","1,5807","-0,0044"
01/09/2011,"1,6195","1,5887","1,6214","1,5887","0,0194"
02/09/2011,"1,6410","1,6195","1,6478","1,6191","0,0133"
05/09/2011,"1,6447","1,6566","1,6601","1,6440","0,0023"
06/09/2011,"1,6545","1,6425","1,6668","1,6415","0,0060"
07/09/2011,"1,6535","1,6543","1,6550","1,6540","-0,0006"
08/09/2011,"1,6590","1,6538","1,6630","1,6502","0,0033"
09/09/2011,"1,6720","1,6590","1,6848","1,6579","0,0078"
12/09/2011,"1,7032","1,6742","1,7273","1,6747","0,0187"
13/09/2011,"1,7095","1,7029","1,7208","1,7014","0,0037"
14/09/2011,"1,7135","1,7094","1,7389","1,7075","0,0023"
15/09/2011,"1,7045","1,7135","1,7199","1,6975","-0,0053"
16/09/2011,"1,7322","1,7040","1,7382","1,7048","0,0163"
19/09/2011,"1,7992","1,7323","1,7999","1,7320","0,0387"
20/09/2011,"1,7851","1,7992","1,8023","1,7673","-0,0078"
21/09/2011,"1,8833","1,7852","1,8916","1,7854","0,0550"
22/09/2011,"1,9028","1,8724","1,9499","1,8120","0,0104"
23/09/2011,"1,8322","1,9038","1,9243","1,8231","-0,0371"
26/09/2011,"1,8220","1,8330","1,8662","1,8107","-0,0056"
27/09/2011,"1,8037","1,8215","1,8235","1,7924","-0,0100"
28/09/2011,"1,8367","1,8037","1,8447","1,7985","0,0183"
29/09/2011,"1,8420","1,8368","1,8569","1,8221","0,0029"
30/09/2011,"1,8785","1,8390","1,8930","1,8398","0,0198"
03/10/2011,"1,8925","1,8772","1,9180","1,8708","0,0075"
04/10/2011,"1,8570","1,8909","1,9020","1,8563","-0,0188"
05/10/2011,"1,8312","1,8548","1,8623","1,8234","-0,0139"
06/10/2011,"1,7800","1,8312","1,8383","1,7773","-0,0280"
07/10/2011,"1,7712","1,7783","1,7853","1,7518","-0,0049"
10/10/2011,"1,7619","1,7750","1,7755","1,7363","-0,0053"
11/10/2011,"1,7745","1,7619","1,7841","1,7512","0,0072"
12/10/2011,"1,7745","1,7745","1,7750","1,7750","0,0000"
13/10/2011,"1,7503","1,7545","1,7668","1,7380","-0,0136"
14/10/2011,"1,7314","1,7504","1,7517","1,7258","-0,0108"
17/10/2011,"1,7731","1,7314","1,7763","1,7318","0,0241"
18/10/2011,"1,7519","1,7728","1,7866","1,7465","-0,0120"
19/10/2011,"1,7726","1,7519","1,7786","1,7423","0,0118"
20/10/2011,"1,7807","1,7726","1,8098","1,7621","0,0046"
21/10/2011,"1,7743","1,7807","1,7923","1,7658","-0,0036"
24/10/2011,"1,7503","1,7746","1,7853","1,7468","-0,0135"
25/10/2011,"1,7655","1,7503","1,7688","1,7353","0,0087"
26/10/2011,"1,7579","1,7655","1,7720","1,7445","-0,0043"
27/10/2011,"1,7090","1,7579","1,7412","1,6999","-0,0278"
28/10/2011,"1,6720","1,7090","1,7147","1,6711","-0,0217"
31/10/2011,"1,7167","1,6720","1,7190","1,6725","0,0267"
01/11/2011,"1,7444","1,7167","1,7625","1,7170","0,0161"
02/11/2011,"1,7355","1,7167","1,7625","1,7170","-0,0051"
03/11/2011,"1,7362","1,7308","1,7461","1,7130","0,0004"
04/11/2011,"1,7520","1,7343","1,7615","1,7257","0,0091"
07/11/2011,"1,7459","1,7523","1,7640","1,7428","-0,0035"
08/11/2011,"1,7318","1,7457","1,7530","1,7320","-0,0081"
09/11/2011,"1,7790","1,7316","1,7835","1,7324","0,0273"
10/11/2011,"1,7609","1,7790","1,7835","1,7540","-0,0102"
11/11/2011,"1,7419","1,7609","1,7650","1,7414","-0,0108"
14/11/2011,"1,7666","1,7454","1,7725","1,7448","0,0142"
15/11/2011,"1,7708","1,7666","1,7725","1,7671","0,0024"
16/11/2011,"1,7692","1,7678","1,7860","1,7652","-0,0009"
17/11/2011,"1,7780","1,7692","1,7892","1,7641","0,0050"
18/11/2011,"1,7856","1,7777","1,7913","1,7650","0,0043"
21/11/2011,"1,8076","1,8037","1,8203","1,8003","0,0123"
22/11/2011,"1,8179","1,8065","1,8301","1,7973","0,0057"
23/11/2011,"1,8667","1,8179","1,8748","1,8177","0,0268"
24/11/2011,"1,8975","1,8667","1,9043","1,8488","0,0165"
25/11/2011,"1,8910","1,8949","1,9143","1,8736","-0,0034"
28/11/2011,"1,8539","1,8615","1,8715","1,8487","-0,0196"
29/11/2011,"1,8445","1,8540","1,8548","1,8333","-0,0051"
30/11/2011,"1,8078","1,8460","1,8480","1,7948","-0,0199"
01/12/2011,"1,7990","1,8078","1,8100","1,7814","-0,0049"
02/12/2011,"1,7907","1,7985","1,8031","1,7772","-0,0046"
05/12/2011,"1,7852","1,7904","1,7944","1,7757","-0,0031"
06/12/2011,"1,7910","1,7852","1,7999","1,7763","0,0032"
07/12/2011,"1,7987","1,7910","1,8038","1,7865","0,0043"
08/12/2011,"1,8215","1,7980","1,8273","1,7814","0,0127"
09/12/2011,"1,7974","1,8245","1,8250","1,7965","-0,0132"
12/12/2011,"1,8434","1,7974","1,8480","1,7974","0,0256"
13/12/2011,"1,8642","1,8434","1,8701","1,8334","0,0113"
14/12/2011,"1,8793","1,8645","1,8850","1,8620","0,0081"
15/12/2011,"1,8597","1,8789","1,8829","1,8528","-0,0104"
16/12/2011,"1,8515","1,8594","1,8645","1,8403","-0,0044"
19/12/2011,"1,8682","1,8504","1,8720","1,8512","0,0090"
20/12/2011,"1,8445","1,8676","1,8684","1,8370","-0,0127"
21/12/2011,"1,8602","1,8445","1,8625","1,8407","0,0085"
22/12/2011,"1,8557","1,8597","1,8653","1,8493","-0,0024"
23/12/2011,"1,8567","1,8551","1,8636","1,8473","0,0005"
26/12/2011,"1,8553","1,8570","1,8614","1,8512","-0,0008"
27/12/2011,"1,8609","1,8553","1,8639","1,8533","0,0030"
28/12/2011,"1,8739","1,8589","1,8884","1,8559","0,0070"
29/12/2011,"1,8652","1,8735","1,8879","1,8642","-0,0046"
30/12/2011,"1,8627","1,8652","1,8662","1,8632","-0,0013"
02/01/2012,"1,8708","1,8656","1,8752","1,8548","0,0043"
03/01/2012,"1,8299","1,8720","1,8731","1,8293","-0,0219"
04/01/2012,"1,8318","1,8294","1,8364","1,8198","0,0010"
05/01/2012,"1,8432","1,8306","1,8489","1,8301","0,0062"
06/01/2012,"1,8574","1,8432","1,8584","1,8368","0,0077"
09/01/2012,"1,8326","1,8558","1,8569","1,8307","-0,0134"
10/01/2012,"1,7990","1,8317","1,8325","1,7943","-0,0183"
11/01/2012,"1,8025","1,7993","1,8125","1,7965","0,0019"
12/01/2012,"1,7775","1,8025","1,8043","1,7744","-0,0139"
13/01/2012,"1,7844","1,7784","1,8082","1,7684","0,0039"
16/01/2012,"1,7854","1,7857","1,7893","1,7805","0,0006"
17/01/2012,"1,7875","1,7867","1,7888","1,7667","0,0012"
18/01/2012,"1,7649","1,7875","1,7887","1,7616","-0,0126"
19/01/2012,"1,7650","1,7662","1,7755","1,7574","0,0001"
20/01/2012,"1,7543","1,7668","1,7728","1,7548","-0,0061"
23/01/2012,"1,7547","1,7555","1,7600","1,7485","0,0002"
24/01/2012,"1,7580","1,7563","1,7695","1,7509","0,0019"
25/01/2012,"1,7600","1,7580","1,7640","1,7571","0,0011"
26/01/2012,"1,7500","1,7598","1,7612","1,7316","-0,0057"
27/01/2012,"1,7372","1,7500","1,7516","1,7355","-0,0073"
30/01/2012,"1,7498","1,7460","1,7575","1,7460","0,0073"
31/01/2012,"1,7463","1,7476","1,7539","1,7337","-0,0020"
01/02/2012,"1,7339","1,7490","1,7494","1,7289","-0,0071"
02/02/2012,"1,7193","1,7339","1,7385","1,7185","-0,0084"
03/02/2012,"1,7160","1,7183","1,7289","1,7138","-0,0019"
06/02/2012,"1,7263","1,7181","1,7353","1,7122","0,0060"
07/02/2012,"1,7258","1,7263","1,7330","1,7183","-0,0003"
08/02/2012,"1,7212","1,7257","1,7265","1,7140","-0,0027"
09/02/2012,"1,7160","1,7213","1,7271","1,7159","-0,0030"
10/02/2012,"1,7205","1,7160","1,7318","1,7164","0,0026"
13/02/2012,"1,7160","1,7220","1,7232","1,7098","-0,0026"
14/02/2012,"1,7210","1,7160","1,7280","1,7125","0,0029"
15/02/2012,"1,7287","1,7236","1,7294","1,7129","0,0045"
16/02/2012,"1,7160","1,7282","1,7380","1,7130","-0,0073"
17/02/2012,"1,7145","1,7160","1,7181","1,7098","-0,0009"
20/02/2012,"1,7171","1,7171","1,7171","1,7171","0,0015"
21/02/2012,"1,7170","1,7171","1,7179","1,7175","-0,0001"
22/02/2012,"1,7063","1,7127","1,7168","1,7037","-0,0062"
23/02/2012,"1,7132","1,7048","1,7155","1,6958","0,0040"
24/02/2012,"1,7090","1,7143","1,7151","1,7005","-0,0025"
27/02/2012,"1,7069","1,7085","1,7160","1,7023","-0,0012"
28/02/2012,"1,6947","1,7078","1,7102","1,6938","-0,0071"
29/02/2012,"1,7167","1,6949","1,7274","1,6870","0,0130"
01/03/2012,"1,7130","1,7167","1,7289","1,7095","-0,0022"
02/03/2012,"1,7301","1,7130","1,7359","1,7135","0,0100"
05/03/2012,"1,7387","1,7291","1,7414","1,7243","0,0050"
06/03/2012,"1,7576","1,7387","1,7655","1,7388","0,0109"
07/03/2012,"1,7657","1,7576","1,7749","1,7533","0,0046"
08/03/2012,"1,7602","1,7657","1,7811","1,7545","-0,0031"
09/03/2012,"1,7904","1,7596","1,7953","1,7603","0,0172"
12/03/2012,"1,7990","1,7904","1,8332","1,7909","0,0048"
13/03/2012,"1,7918","1,7961","1,8270","1,7890","-0,0040"
14/03/2012,"1,8049","1,7918","1,8263","1,7915","0,0073"
15/03/2012,"1,7983","1,8065","1,8106","1,7854","-0,0037"
16/03/2012,"1,8003","1,7999","1,8063","1,7939","0,0011"
19/03/2012,"1,8207","1,8020","1,8223","1,8003","0,0113"
20/03/2012,"1,8137","1,8187","1,8345","1,8118","-0,0038"
21/03/2012,"1,8226","1,8151","1,8301","1,8138","0,0049"
22/03/2012,"1,8187","1,8191","1,8321","1,8169","-0,0021"
23/03/2012,"1,8093","1,8187","1,8252","1,8075","-0,0052"
26/03/2012,"1,8168","1,8105","1,8192","1,8037","0,0041"
27/03/2012,"1,8212","1,8178","1,8231","1,8082","0,0024"
28/03/2012,"1,8222","1,8212","1,8283","1,8142","0,0005"
29/03/2012,"1,8217","1,8252","1,8374","1,8177","-0,0003"
30/03/2012,"1,8257","1,8217","1,8308","1,8118","0,0022"
02/04/2012,"1,8319","1,8257","1,8363","1,8229","0,0034"
03/04/2012,"1,8247","1,8328","1,8357","1,8193","-0,0039"
04/04/2012,"1,8256","1,8251","1,8343","1,8245","0,0005"
05/04/2012,"1,8211","1,8263","1,8334","1,8212","-0,0025"
06/04/2012,"1,8211","1,8211","1,8211","1,8211","0,0000"
09/04/2012,"1,8165","1,8254","1,8317","1,8167","-0,0025"
10/04/2012,"1,8329","1,8162","1,8378","1,8158","0,0090"
11/04/2012,"1,8351","1,8329","1,8376","1,8245","0,0012"
12/04/2012,"1,8264","1,8351","1,8435","1,8222","-0,0047"
13/04/2012,"1,8366","1,8264","1,8420","1,8272","0,0056"
16/04/2012,"1,8466","1,8367","1,8491","1,8312","0,0054"
17/04/2012,"1,8604","1,8466","1,8616","1,8399","0,0075"
18/04/2012,"1,8782","1,8604","1,8842","1,8573","0,0096"
19/04/2012,"1,8799","1,8782","1,8939","1,8788","0,0009"
20/04/2012,"1,8717","1,8799","1,8872","1,8613","-0,0044"
23/04/2012,"1,8799","1,8760","1,8914","1,8725","0,0044"
24/04/2012,"1,8816","1,8792","1,8843","1,8740","0,0009"
25/04/2012,"1,8781","1,8781","1,8879","1,8753","-0,0019"
26/04/2012,"1,8847","1,8814","1,8909","1,8778","0,0035"
27/04/2012,"1,8853","1,8861","1,8883","1,8810","0,0003"
30/04/2012,"1,9080","1,8891","1,9118","1,8824","0,0120"
01/05/2012,"1,9037","1,9044","1,9047","1,9044","-0,0023"
02/05/2012,"1,9235","1,9074","1,9300","1,9065","0,0104"
03/05/2012,"1,9082","1,9231","1,9364","1,9073","-0,0080"
04/05/2012,"1,9265","1,9084","1,9301","1,9069","0,0096"
07/05/2012,"1,9187","1,9275","1,9359","1,9185","-0,0040"
08/05/2012,"1,9388","1,9208","1,9430","1,9197","0,0105"
09/05/2012,"1,9710","1,9412","1,9727","1,9381","0,0166"
10/05/2012,"1,9524","1,9712","1,9712","1,9439","-0,0094"
11/05/2012,"1,9655","1,9527","1,9689","1,9390","0,0067"
14/05/2012,"1,9946","1,9664","2,0073","1,9664","0,0148"
15/05/2012,"2,0010","1,9898","2,0063","1,9813","0,0032"
16/05/2012,"1,9995","2,0021","2,0083","1,9869","-0,0007"
17/05/2012,"2,0087","2,0003","2,0130","1,9890","0,0046"
18/05/2012,"2,0225","2,0092","2,0581","1,9923","0,0069"
21/05/2012,"2,0412","2,0214","2,0501","2,0189","0,0092"
22/05/2012,"2,0904","2,0417","2,0925","2,0374","0,0241"
23/05/2012,"2,0306","2,0907","2,1065","2,0281","-0,0286"
24/05/2012,"2,0280","2,0308","2,0529","2,0228","-0,0013"
25/05/2012,"1,9843","2,0283","2,0323","1,9834","-0,0215"
28/05/2012,"1,9830","1,9833","1,9841","1,9705","-0,0007"
29/05/2012,"1,9894","1,9833","2,0010","1,9780","0,0032"
30/05/2012,"2,0157","1,9925","2,0191","1,9925","0,0132"
31/05/2012,"2,0221","2,0160","2,0288","2,0024","0,0032"
01/06/2012,"2,0398","2,0226","2,0506","2,0222","0,0088"
04/06/2012,"2,0558","2,0404","2,0594","2,0318","0,0078"
05/06/2012,"2,0240","2,0561","2,0630","2,0148","-0,0155"
06/06/2012,"2,0325","2,0248","2,0339","2,0118","0,0042"
07/06/2012,"2,0315","2,0328","2,0328","2,0328","-0,0005"
08/06/2012,"2,0206","2,0326","2,0436","2,0190","-0,0054"
11/06/2012,"2,0650","2,0207","2,0666","2,0153","0,0220"
12/06/2012,"2,0676","2,0652","2,0716","2,0470","0,0013"
13/06/2012,"2,0716","2,0668","2,0759","2,0514","0,0019"
14/06/2012,"2,0564","2,0717","2,0745","2,0494","-0,0073"
15/06/2012,"2,0482","2,0570","2,0599","2,0366","-0,0040"
18/06/2012,"2,0631","2,0445","2,0688","2,0445","0,0073"
19/06/2012,"2,0277","2,0583","2,0583","2,0259","-0,0172"
20/06/2012,"2,0251","2,0277","2,0388","2,0214","-0,0013"
21/06/2012,"2,0628","2,0263","2,0635","2,0236","0,0186"
22/06/2012,"2,0665","2,0627","2,0680","2,0484","0,0018"
25/06/2012,"2,0610","2,0675","2,0790","2,0609","-0,0027"
26/06/2012,"2,0724","2,0614","2,0778","2,0583","0,0055"
27/06/2012,"2,0757","2,0755","2,0969","2,0693","0,0016"
28/06/2012,"2,0755","2,0772","2,0995","2,0719","-0,0001"
29/06/2012,"2,0092","2,0770","2,0770","2,0045","-0,0319"
02/07/2012,"1,9847","2,0062","2,0134","1,9840","-0,0122"
03/07/2012,"2,0154","1,9836","2,0194","1,9779","0,0155"
04/07/2012,"2,0274","2,0114","2,0367","2,0095","0,0060"
05/07/2012,"2,0192","2,0274","2,0391","2,0120","-0,0040"
06/07/2012,"2,0278","2,0192","2,0417","2,0155","0,0043"
09/07/2012,"2,0311","2,0266","2,0328","2,0266","0,0016"
10/07/2012,"2,0328","2,0273","2,0410","2,0230","0,0008"
11/07/2012,"2,0338","2,0337","2,0406","2,0255","0,0005"
12/07/2012,"2,0371","2,0361","2,0522","2,0360","0,0016"
13/07/2012,"2,0367","2,0377","2,0422","2,0288","-0,0002"
16/07/2012,"2,0343","2,0362","2,0439","2,0326","-0,0012"
17/07/2012,"2,0207","2,0353","2,0401","2,0197","-0,0067"
18/07/2012,"2,0220","2,0209","2,0299","2,0163","0,0006"
19/07/2012,"2,0114","2,0226","2,0277","2,0096","-0,0052"
20/07/2012,"2,0233","2,0123","2,0279","2,0115","0,0059"
23/07/2012,"2,0382","2,0233","2,0459","2,0233","0,0074"
24/07/2012,"2,0467","2,0385","2,0524","2,0353","0,0042"
25/07/2012,"2,0328","2,0478","2,0478","2,0326","-0,0068"
26/07/2012,"2,0202","2,0331","2,0347","2,0182","-0,0062"
27/07/2012,"2,0208","2,0214","2,0293","2,0080","0,0003"
30/07/2012,"2,0395","2,0210","2,0428","2,0210","0,0093"
31/07/2012,"2,0563","2,0407","2,0570","2,0383","0,0082"
01/08/2012,"2,0441","2,0568","2,0570","2,0370","-0,0059"
02/08/2012,"2,0490","2,0443","2,0536","2,0321","0,0024"
03/08/2012,"2,0275","2,0498","2,0503","2,0216","-0,0105"
06/08/2012,"2,0305","2,0290","2,0323","2,0240","0,0015"
07/08/2012,"2,0275","2,0312","2,0323","2,0227","-0,0015"
08/08/2012,"2,0195","2,0317","2,0358","2,0185","-0,0039"
09/08/2012,"2,0120","2,0209","2,0269","2,0128","-0,0037"
10/08/2012,"2,0137","2,0133","2,0225","2,0122","0,0008"
13/08/2012,"2,0197","2,0153","2,0300","2,0149","0,0030"
14/08/2012,"2,0259","2,0207","2,0290","2,0165","0,0031"
15/08/2012,"2,0218","2,0266","2,0305","2,0189","-0,0020"
16/08/2012,"2,0166","2,0232","2,0278","2,0167","-0,0026"
17/08/2012,"2,0145","2,0173","2,0236","2,0135","-0,0010"
20/08/2012,"2,0165","2,0157","2,0226","2,0149","0,0010"
21/08/2012,"2,0156","2,0167","2,0230","2,0056","-0,0004"
22/08/2012,"2,0155","2,0159","2,0228","2,0145","0,0000"
23/08/2012,"2,0231","2,0172","2,0269","2,0158","0,0038"
24/08/2012,"2,0266","2,0237","2,0358","2,0193","0,0017"
27/08/2012,"2,0338","2,0252","2,0355","2,0232","0,0036"
28/08/2012,"2,0430","2,0342","2,0528","2,0314","0,0045"
29/08/2012,"2,0496","2,0450","2,0547","2,0434","0,0032"
30/08/2012,"2,0484","2,0502","2,0567","2,0434","-0,0006"
31/08/2012,"2,0280","2,0488","2,0513","2,0258","-0,0100"
03/09/2012,"2,0321","2,0304","2,0347","2,0275","0,0020"
04/09/2012,"2,0420","2,0328","2,0441","2,0283","0,0049"
05/09/2012,"2,0391","2,0427","2,0454","2,0351","-0,0014"
06/09/2012,"2,0274","2,0393","2,0427","2,0270","-0,0057"
07/09/2012,"2,0274","2,0281","2,0281","2,0281","0,0000"
10/09/2012,"2,0221","2,0287","2,0298","2,0189","-0,0026"
11/09/2012,"2,0160","2,0227","2,0309","2,0147","-0,0030"
12/09/2012,"2,0264","2,0167","2,0290","2,0136","0,0052"
13/09/2012,"2,0206","2,0263","2,0296","2,0168","-0,0029"
14/09/2012,"2,0113","2,0210","2,0226","2,0066","-0,0046"
17/09/2012,"2,0321","2,0119","2,0341","2,0119","0,0103"
18/09/2012,"2,0226","2,0330","2,0361","2,0206","-0,0047"
19/09/2012,"2,0235","2,0231","2,0271","2,0209","0,0004"
20/09/2012,"2,0205","2,0244","2,0306","2,0198","-0,0015"
21/09/2012,"2,0213","2,0213","2,0262","2,0206","0,0004"
24/09/2012,"2,0258","2,0236","2,0305","2,0234","0,0022"
25/09/2012,"2,0306","2,0263","2,0323","2,0228","0,0024"
26/09/2012,"2,0355","2,0312","2,0365","2,0269","0,0024"
27/09/2012,"2,0285","2,0363","2,0374","2,0285","-0,0034"
28/09/2012,"2,0255","2,0296","2,0355","2,0242","-0,0015"
01/10/2012,"2,0260","2,0290","2,0294","2,0217","0,0002"
02/10/2012,"2,0250","2,0261","2,0289","2,0226","-0,0005"
03/10/2012,"2,0214","2,0282","2,0293","2,0216","-0,0018"
04/10/2012,"2,0174","2,0218","2,0245","2,0168","-0,0020"
05/10/2012,"2,0300","2,0178","2,0343","2,0157","0,0062"
08/10/2012,"2,0290","2,0317","2,0343","2,0281","-0,0005"
09/10/2012,"2,0355","2,0298","2,0382","2,0276","0,0032"
10/10/2012,"2,0420","2,0363","2,0438","2,0306","0,0032"
11/10/2012,"2,0415","2,0426","2,0433","2,0346","-0,0002"
12/10/2012,"2,0436","2,0419","2,0445","2,0419","0,0010"
15/10/2012,"2,0353","2,0440","2,0440","2,0305","-0,0041"
16/10/2012,"2,0320","2,0363","2,0376","2,0302","-0,0016"
17/10/2012,"2,0316","2,0366","2,0366","2,0294","-0,0002"
18/10/2012,"2,0256","2,0319","2,0345","2,0252","-0,0030"
19/10/2012,"2,0270","2,0264","2,0296","2,0258","0,0007"
22/10/2012,"2,0238","2,0281","2,0285","2,0233","-0,0016"
23/10/2012,"2,0265","2,0247","2,0314","2,0244","0,0013"
24/10/2012,"2,0245","2,0270","2,0287","2,0233","-0,0010"
25/10/2012,"2,0245","2,0244","2,0274","2,0234","0,0000"
26/10/2012,"2,0265","2,0270","2,0275","2,0245","0,0010"
29/10/2012,"2,0333","2,0270","2,0339","2,0270","0,0034"
30/10/2012,"2,0303","2,0336","2,0336","2,0293","-0,0015"
31/10/2012,"2,0306","2,0307","2,0348","2,0266","0,0001"
01/11/2012,"2,0300","2,0309","2,0319","2,0296","-0,0003"
02/11/2012,"2,0303","2,0310","2,0316","2,0310","0,0001"
05/11/2012,"2,0349","2,0316","2,0355","2,0311","0,0023"
06/11/2012,"2,0319","2,0353","2,0353","2,0306","-0,0015"
07/11/2012,"2,0330","2,0321","2,0356","2,0303","0,0005"
08/11/2012,"2,0402","2,0343","2,0425","2,0323","0,0035"
09/11/2012,"2,0455","2,0404","2,0674","2,0401","0,0026"
12/11/2012,"2,0507","2,0463","2,0551","2,0424","0,0025"
13/11/2012,"2,0575","2,0510","2,0742","2,0509","0,0033"
14/11/2012,"2,0666","2,0583","2,0713","2,0558","0,0044"
15/11/2012,"2,0660","2,0669","2,0670","2,0663","-0,0003"
16/11/2012,"2,0835","2,0665","2,0871","2,0664","0,0085"
19/11/2012,"2,0755","2,0842","2,0864","2,0689","-0,0038"
20/11/2012,"2,0800","2,0763","2,0809","2,0763","0,0022"
21/11/2012,"2,0984","2,0805","2,0999","2,0805","0,0088"
22/11/2012,"2,1040","2,0988","2,1069","2,0885","0,0027"
23/11/2012,"2,0812","2,1048","2,1174","2,0793","-0,0108"
26/11/2012,"2,0829","2,0816","2,0866","2,0723","0,0008"
27/11/2012,"2,0838","2,0830","2,0846","2,0710","0,0004"
28/11/2012,"2,0920","2,0842","2,0952","2,0827","0,0039"
29/11/2012,"2,0980","2,0928","2,1110","2,0866","0,0029"
30/11/2012,"2,1350","2,0988","2,1373","2,0942","0,0176"
03/12/2012,"2,1190","2,1361","2,1388","2,0966","-0,0075"
04/12/2012,"2,1195","2,1193","2,1255","2,1005","0,0002"
05/12/2012,"2,0875","2,1197","2,1197","2,0871","-0,0151"
06/12/2012,"2,0770","2,0879","2,0879","2,0743","-0,0050"
07/12/2012,"2,0740","2,0728","2,0921","2,0712","-0,0014"
10/12/2012,"2,0760","2,0748","2,0830","2,0730","0,0010"
11/12/2012,"2,0782","2,0768","2,0820","2,0718","0,0011"
12/12/2012,"2,0710","2,0787","2,0820","2,0694","-0,0035"
13/12/2012,"2,0846","2,0720","2,0864","2,0717","0,0066"
14/12/2012,"2,0847","2,0852","2,0891","2,0773","0,0000"
17/12/2012,"2,0987","2,0856","2,1016","2,0833","0,0067"
18/12/2012,"2,0879","2,0995","2,1018","2,0850","-0,0051"
19/12/2012,"2,0714","2,0891","2,0905","2,0670","-0,0079"
20/12/2012,"2,0691","2,0717","2,0727","2,0546","-0,0011"
21/12/2012,"2,0772","2,0725","2,0807","2,0677","0,0039"
24/12/2012,"2,0772","2,0772","2,0772","2,0772","0,0000"
25/12/2012,"2,0772","2,0772","2,0772","2,0772","0,0000"
26/12/2012,"2,0486","2,0774","2,0774","2,0395","-0,0138"
27/12/2012,"2,0422","2,0491","2,0560","2,0398","-0,0031"
28/12/2012,"2,0470","2,0435","2,0484","2,0388","0,0024"
31/12/2012,"2,0475","2,0475","2,0485","2,0475","0,0002"
01/01/2013,"2,0475","2,0475","2,0475","2,0475","0,0000"
02/01/2013,"2,0443","2,0333","2,0470","2,0323","-0,0016"
03/01/2013,"2,0452","2,0483","2,0502","2,0336","0,0004"
04/01/2013,"2,0340","2,0468","2,0505","2,0318","-0,0055"
07/01/2013,"2,0260","2,0348","2,0373","2,0233","-0,0039"
08/01/2013,"2,0413","2,0268","2,0419","2,0205","0,0076"
09/01/2013,"2,0378","2,0416","2,0461","2,0350","-0,0017"
10/01/2013,"2,0287","2,0426","2,0428","2,0279","-0,0045"
11/01/2013,"2,0330","2,0290","2,0392","2,0288","0,0021"
14/01/2013,"2,0316","2,0298","2,0361","2,0298","-0,0007"
15/01/2013,"2,0355","2,0319","2,0395","2,0304","0,0019"
16/01/2013,"2,0422","2,0358","2,0458","2,0329","0,0033"
17/01/2013,"2,0383","2,0424","2,0459","2,0375","-0,0019"
18/01/2013,"2,0405","2,0385","2,0462","2,0385","0,0011"
21/01/2013,"2,0416","2,0403","2,0431","2,0403","0,0005"
22/01/2013,"2,0426","2,0418","2,0508","2,0387","0,0005"
23/01/2013,"2,0350","2,0423","2,0451","2,0351","-0,0037"
24/01/2013,"2,0290","2,0354","2,0375","2,0273","-0,0029"
25/01/2013,"2,0290","2,0300","2,0306","2,0285","0,0000"
28/01/2013,"1,9950","2,0305","2,0366","1,9939","-0,0168"
29/01/2013,"1,9855","1,9958","1,9993","1,9831","-0,0048"
30/01/2013,"1,9902","1,9859","2,0006","1,9821","0,0024"
31/01/2013,"1,9902","1,9873","1,9930","1,9813","0,0000"
01/02/2013,"1,9870","1,9908","1,9927","1,9785","-0,0016"
04/02/2013,"1,9958","1,9878","1,9974","1,9846","0,0044"
05/02/2013,"1,9836","1,9961","1,9961","1,9817","-0,0061"
06/02/2013,"1,9899","1,9845","1,9917","1,9835","0,0032"
07/02/2013,"1,9663","1,9904","1,9921","1,9607","-0,0119"
08/02/2013,"1,9725","1,9667","1,9793","1,9507","0,0032"
11/02/2013,"1,9724","1,9690","1,9735","1,9690","-0,0001"
12/02/2013,"1,9680","1,9728","1,9728","1,9690","-0,0022"
13/02/2013,"1,9640","1,9703","1,9703","1,9637","-0,0020"
14/02/2013,"1,9570","1,9648","1,9703","1,9561","-0,0036"
15/02/2013,"1,9680","1,9578","1,9701","1,9494","0,0056"
18/02/2013,"1,9624","1,9688","1,9703","1,9595","-0,0028"
19/02/2013,"1,9535","1,9634","1,9649","1,9537","-0,0045"
20/02/2013,"1,9608","1,9543","1,9666","1,9532","0,0037"
21/02/2013,"1,9733","1,9611","1,9797","1,9611","0,0064"
22/02/2013,"1,9724","1,9736","1,9744","1,9636","-0,0005"
25/02/2013,"1,9825","1,9743","1,9851","1,9633","0,0051"
26/02/2013,"1,9815","1,9836","1,9938","1,9745","-0,0005"
27/02/2013,"1,9725","1,9838","1,9839","1,9708","-0,0045"
28/02/2013,"1,9795","1,9763","1,9804","1,9671","0,0035"
01/03/2013,"1,9785","1,9760","1,9882","1,9760","-0,0005"
04/03/2013,"1,9700","1,9826","1,9870","1,9696","-0,0043"
05/03/2013,"1,9641","1,9708","1,9733","1,9633","-0,0030"
06/03/2013,"1,9700","1,9643","1,9718","1,9618","0,0030"
07/03/2013,"1,9605","1,9671","1,9726","1,9565","-0,0048"
08/03/2013,"1,9435","1,9608","1,9629","1,9423","-0,0087"
11/03/2013,"1,9555","1,9480","1,9633","1,9415","0,0062"
12/03/2013,"1,9644","1,9568","1,9659","1,9538","0,0046"
13/03/2013,"1,9715","1,9648","1,9793","1,9583","0,0036"
14/03/2013,"1,9713","1,9720","1,9778","1,9638","-0,0001"
15/03/2013,"1,9810","1,9723","1,9848","1,9640","0,0049"
18/03/2013,"1,9815","1,9862","1,9904","1,9808","0,0003"
19/03/2013,"1,9845","1,9820","1,9886","1,9763","0,0015"
20/03/2013,"1,9895","1,9858","1,9923","1,9758","0,0025"
21/03/2013,"2,0075","1,9880","2,0135","1,9873","0,0090"
22/03/2013,"2,0088","2,0082","2,0198","2,0030","0,0006"
25/03/2013,"2,0117","2,0096","2,0186","2,0027","0,0014"
26/03/2013,"2,0170","2,0126","2,0177","2,0030","0,0026"
27/03/2013,"2,0104","2,0174","2,0275","2,0062","-0,0033"
28/03/2013,"2,0213","2,0110","2,0229","2,0038","0,0054"
29/03/2013,"2,0235","2,0222","2,0243","2,0222","0,0011"
01/04/2013,"2,0195","2,0186","2,0235","2,0155","-0,0020"
02/04/2013,"2,0186","2,0210","2,0250","2,0152","-0,0004"
03/04/2013,"2,0237","2,0193","2,0285","2,0168","0,0025"
04/04/2013,"2,0131","2,0244","2,0280","2,0100","-0,0052"
05/04/2013,"1,9849","2,0140","2,0183","1,9850","-0,0140"
08/04/2013,"1,9916","1,9890","1,9941","1,9777","0,0034"
09/04/2013,"1,9805","1,9920","1,9931","1,9790","-0,0056"
10/04/2013,"1,9739","1,9814","1,9869","1,9718","-0,0033"
11/04/2013,"1,9735","1,9743","1,9772","1,9668","-0,0002"
12/04/2013,"1,9692","1,9769","1,9815","1,9633","-0,0022"
15/04/2013,"2,0002","1,9698","2,0094","1,9695","0,0157"
16/04/2013,"1,9860","2,0012","2,0029","1,9817","-0,0071"
17/04/2013,"2,0009","1,9876","2,0082","1,9840","0,0075"
18/04/2013,"2,0180","2,0012","2,0228","1,9968","0,0085"
19/04/2013,"2,0102","2,0193","2,0197","2,0015","-0,0039"
22/04/2013,"2,0209","2,0107","2,0218","2,0050","0,0053"
23/04/2013,"2,0245","2,0210","2,0300","2,0103","0,0018"
24/04/2013,"2,0104","2,0248","2,0264","2,0085","-0,0070"
25/04/2013,"2,0012","2,0110","2,0141","2,0012","-0,0046"
26/04/2013,"1,9985","2,0019","2,0045","1,9958","-0,0013"
29/04/2013,"2,0075","2,0002","2,0092","1,9908","0,0045"
30/04/2013,"2,0010","2,0081","2,0130","1,9960","-0,0032"
01/05/2013,"2,0010","2,0016","2,0085","2,0010","0,0000"
02/05/2013,"2,0090","2,0046","2,0162","1,9993","0,0040"
03/05/2013,"2,0087","2,0102","2,0149","2,0047","-0,0001"
06/05/2013,"2,0093","2,0103","2,0176","2,0083","0,0003"
07/05/2013,"2,0075","2,0091","2,0149","2,0015","-0,0009"
08/05/2013,"2,0047","2,0090","2,0092","1,9978","-0,0014"
09/05/2013,"2,0130","2,0054","2,0167","1,9945","0,0041"
10/05/2013,"2,0198","2,0113","2,0299","2,0113","0,0034"
13/05/2013,"2,0072","2,0172","2,0246","2,0064","-0,0062"
14/05/2013,"2,0199","2,0081","2,0216","2,0027","0,0063"
15/05/2013,"2,0220","2,0209","2,0336","2,0147","0,0010"
16/05/2013,"2,0265","2,0224","2,0380","2,0217","0,0022"
17/05/2013,"2,0345","2,0268","2,0416","2,0254","0,0039"
20/05/2013,"2,0390","2,0360","2,0412","2,0264","0,0022"
21/05/2013,"2,0406","2,0397","2,0469","2,0316","0,0008"
22/05/2013,"2,0487","2,0404","2,0518","2,0312","0,0040"
23/05/2013,"2,0439","2,0490","2,0561","2,0416","-0,0023"
24/05/2013,"2,0512","2,0445","2,0561","2,0426","0,0036"
27/05/2013,"2,0543","2,0519","2,0576","2,0473","0,0015"
28/05/2013,"2,0749","2,0568","2,0765","2,0511","0,0100"
29/05/2013,"2,1101","2,0759","2,1155","2,0693","0,0170"
30/05/2013,"2,1095","2,1097","2,1103","2,1097","-0,0003"
31/05/2013,"2,1418","2,1215","2,1513","2,1165","0,0153"
03/06/2013,"2,1240","2,1440","2,1440","2,1237","-0,0083"
04/06/2013,"2,1249","2,1246","2,1500","2,1105","0,0004"
05/06/2013,"2,1282","2,1258","2,1496","2,0841","0,0016"
06/06/2013,"2,1299","2,1271","2,1323","2,1136","0,0008"
07/06/2013,"2,1308","2,1300","2,1535","2,1242","0,0004"
10/06/2013,"2,1457","2,1378","2,1600","2,1334","0,0070"
11/06/2013,"2,1318","2,1464","2,1666","2,1272","-0,0065"
12/06/2013,"2,1550","2,1327","2,1583","2,1233","0,0109"
13/06/2013,"2,1215","2,1556","2,1559","2,1171","-0,0155"
14/06/2013,"2,1517","2,1214","2,1541","2,1197","0,0142"
17/06/2013,"2,1698","2,1493","2,1782","2,1434","0,0084"
18/06/2013,"2,1800","2,1704","2,1862","2,1598","0,0047"
19/06/2013,"2,2238","2,1818","2,2360","2,1667","0,0201"
20/06/2013,"2,2580","2,2249","2,2777","2,2227","0,0154"
21/06/2013,"2,2415","2,2588","2,2753","2,2348","-0,0073"
24/06/2013,"2,2257","2,2453","2,2649","2,2144","-0,0070"
25/06/2013,"2,2137","2,2263","2,2311","2,2043","-0,0054"
26/06/2013,"2,1865","2,2137","2,2143","2,1841","-0,0123"
27/06/2013,"2,1987","2,1868","2,1991","2,1753","0,0056"
28/06/2013,"2,2315","2,1982","2,2345","2,1982","0,0149"
01/07/2013,"2,2280","2,2290","2,2373","2,2165","-0,0016"
02/07/2013,"2,2540","2,2287","2,2553","2,2263","0,0117"
03/07/2013,"2,2676","2,2547","2,2718","2,2505","0,0060"
04/07/2013,"2,2475","2,2682","2,2729","2,2475","-0,0089"
05/07/2013,"2,2515","2,2478","2,2703","2,2438","0,0018"
08/07/2013,"2,2639","2,2526","2,2653","2,2445","0,0055"
09/07/2013,"2,2561","2,2644","2,2653","2,2571","-0,0034"
10/07/2013,"2,2637","2,2546","2,2809","2,2546","0,0034"
11/07/2013,"2,2535","2,2644","2,2729","2,2497","-0,0045"
12/07/2013,"2,2671","2,2550","2,2718","2,2534","0,0060"
15/07/2013,"2,2185","2,2695","2,2727","2,2186","-0,0214"
16/07/2013,"2,2528","2,2200","2,2589","2,2068","0,0155"
17/07/2013,"2,2251","2,2523","2,2645","2,2206","-0,0123"
18/07/2013,"2,2262","2,2255","2,2427","2,2149","0,0005"
19/07/2013,"2,2464","2,2249","2,2491","2,2158","0,0091"
22/07/2013,"2,2320","2,2468","2,2492","2,2291","-0,0064"
23/07/2013,"2,2127","2,2331","2,2406","2,2107","-0,0086"
24/07/2013,"2,2501","2,2131","2,2579","2,2130","0,0169"
25/07/2013,"2,2425","2,2507","2,2655","2,2348","-0,0034"
26/07/2013,"2,2565","2,2435","2,2580","2,2397","0,0062"
29/07/2013,"2,2685","2,2522","2,2712","2,2522","0,0053"
30/07/2013,"2,2825","2,2698","2,2844","2,2642","0,0062"
31/07/2013,"2,2764","2,2823","2,3031","2,2741","-0,0027"
01/08/2013,"2,3035","2,2764","2,3060","2,2691","0,0119"
02/08/2013,"2,2868","2,3048","2,3135","2,2765","-0,0072"
05/08/2013,"2,3055","2,2891","2,3072","2,2855","0,0082"
06/08/2013,"2,2985","2,3058","2,3086","2,2873","-0,0030"
07/08/2013,"2,3136","2,2992","2,3164","2,2926","0,0066"
08/08/2013,"2,2834","2,3139","2,3143","2,2738","-0,0131"
09/08/2013,"2,2714","2,2846","2,2848","2,2633","-0,0053"
12/08/2013,"2,2865","2,2685","2,2907","2,2628","0,0066"
13/08/2013,"2,3136","2,2876","2,3175","2,2858","0,0119"
14/08/2013,"2,3241","2,3145","2,3281","2,3038","0,0045"
15/08/2013,"2,3401","2,3246","2,3518","2,3135","0,0069"
16/08/2013,"2,3923","2,3407","2,3985","2,3400","0,0223"
19/08/2013,"2,4123","2,3926","2,4283","2,3844","0,0084"
20/08/2013,"2,3933","2,4128","2,4131","2,3836","-0,0079"
21/08/2013,"2,4520","2,3936","2,4554","2,3925","0,0245"
22/08/2013,"2,4340","2,4524","2,4549","2,4177","-0,0073"
23/08/2013,"2,3483","2,4337","2,4363","2,3461","-0,0352"
26/08/2013,"2,3789","2,3489","2,3964","2,3482","0,0130"
27/08/2013,"2,3712","2,3790","2,4185","2,3612","-0,0032"
28/08/2013,"2,3430","2,3699","2,3910","2,3204","-0,0119"
29/08/2013,"2,3590","2,3468","2,3823","2,3340","0,0068"
30/08/2013,"2,3859","2,3594","2,3973","2,3469","0,0114"
02/09/2013,"2,3774","2,3826","2,3861","2,3548","-0,0036"
03/09/2013,"2,3582","2,3775","2,4043","2,3526","-0,0081"
04/09/2013,"2,3597","2,3587","2,3656","2,3415","0,0006"
05/09/2013,"2,3243","2,3597","2,3748","2,3152","-0,0150"
06/09/2013,"2,3065","2,3252","2,3257","2,2805","-0,0077"
09/09/2013,"2,2760","2,2981","2,3074","2,2719","-0,0132"
10/09/2013,"2,2833","2,2768","2,2947","2,2594","0,0032"
11/09/2013,"2,2760","2,2838","2,3078","2,2646","-0,0032"
12/09/2013,"2,2740","2,2768","2,2896","2,2689","-0,0009"
13/09/2013,"2,2793","2,2748","2,2874","2,2685","0,0023"
16/09/2013,"2,2839","2,2503","2,2855","2,2480","0,0020"
17/09/2013,"2,2555","2,2840","2,2858","2,2523","-0,0124"
18/09/2013,"2,1855","2,2548","2,2590","2,1830","-0,0310"
19/09/2013,"2,2021","2,1840","2,2167","2,1792","0,0076"
20/09/2013,"2,2097","2,2026","2,2220","2,1905","0,0035"
23/09/2013,"2,1980","2,2102","2,2165","2,1948","-0,0053"
24/09/2013,"2,2005","2,1985","2,2131","2,1874","0,0011"
25/09/2013,"2,2321","2,1991","2,2351","2,1976","0,0144"
26/09/2013,"2,2451","2,2324","2,2492","2,2151","0,0058"
27/09/2013,"2,2515","2,2459","2,2650","2,2440","0,0029"
30/09/2013,"2,2156","2,2566","2,2600","2,2097","-0,0159"
01/10/2013,"2,2149","2,2163","2,2306","2,1965","-0,0003"
02/10/2013,"2,1906","2,2160","2,2245","2,1911","-0,0110"
03/10/2013,"2,2060","2,1913","2,2140","2,1909","0,0070"
04/10/2013,"2,2114","2,2076","2,2133","2,1979","0,0024"
07/10/2013,"2,2044","2,2071","2,2208","2,2012","-0,0032"
08/10/2013,"2,2109","2,2047","2,2119","2,1946","0,0029"
09/10/2013,"2,2065","2,2112","2,2150","2,1995","-0,0020"
10/10/2013,"2,1796","2,2068","2,2076","2,1685","-0,0122"
11/10/2013,"2,1730","2,1801","2,1880","2,1725","-0,0030"
14/10/2013,"2,1813","2,1790","2,1946","2,1640","0,0038"
15/10/2013,"2,1769","2,1818","2,1910","2,1759","-0,0020"
16/10/2013,"2,1800","2,1778","2,1853","2,1546","0,0014"
17/10/2013,"2,1520","2,1803","2,1821","2,1508","-0,0128"
18/10/2013,"2,1685","2,1524","2,1794","2,1467","0,0077"
21/10/2013,"2,1730","2,1689","2,1829","2,1663","0,0021"
22/10/2013,"2,1720","2,1735","2,1901","2,1641","-0,0005"
23/10/2013,"2,1878","2,1725","2,1914","2,1723","0,0073"
24/10/2013,"2,2030","2,1913","2,2092","2,1909","0,0069"
25/10/2013,"2,1870","2,2035","2,2045","2,1800","-0,0073"
28/10/2013,"2,1795","2,1890","2,1890","2,1782","-0,0034"
29/10/2013,"2,1840","2,1805","2,1859","2,1742","0,0021"
30/10/2013,"2,1835","2,1850","2,1974","2,1801","-0,0002"
31/10/2013,"2,2390","2,1840","2,2413","2,1839","0,0254"
01/11/2013,"2,2564","2,2350","2,2633","2,2350","0,0078"
04/11/2013,"2,2451","2,2542","2,2550","2,2368","-0,0050"
05/11/2013,"2,2820","2,2466","2,2948","2,2439","0,0164"
06/11/2013,"2,2845","2,2823","2,2977","2,2690","0,0011"
07/11/2013,"2,3050","2,2881","2,3137","2,2703","0,0090"
08/11/2013,"2,3135","2,3057","2,3448","2,2945","0,0037"
11/11/2013,"2,3300","2,3140","2,3438","2,3024","0,0071"
12/11/2013,"2,3330","2,3309","2,3490","2,3230","0,0013"
13/11/2013,"2,3325","2,3331","2,3398","2,3196","-0,0002"
14/11/2013,"2,3130","2,3343","2,3393","2,3128","-0,0084"
15/11/2013,"2,3187","2,3141","2,3190","2,3128","0,0025"
18/11/2013,"2,2625","2,3190","2,3190","2,2620","-0,0242"
19/11/2013,"2,2705","2,2638","2,2798","2,2503","0,0035"
20/11/2013,"2,2710","2,2713","2,2736","2,2693","0,0002"
21/11/2013,"2,3055","2,2703","2,3175","2,2703","0,0152"
22/11/2013,"2,2780","2,3056","2,3171","2,2763","-0,0119"
25/11/2013,"2,2835","2,2815","2,2970","2,2777","0,0024"
26/11/2013,"2,2964","2,2838","2,3081","2,2838","0,0056"
27/11/2013,"2,3290","2,2946","2,3319","2,2937","0,0142"
28/11/2013,"2,3173","2,3300","2,3438","2,3122","-0,0050"
29/11/2013,"2,3355","2,3181","2,3410","2,3102","0,0079"
02/12/2013,"2,3557","2,3362","2,3591","2,3326","0,0086"
03/12/2013,"2,3756","2,3541","2,3798","2,3488","0,0084"
04/12/2013,"2,3912","2,3758","2,3925","2,3629","0,0066"
05/12/2013,"2,3609","2,3911","2,3960","2,3527","-0,0127"
06/12/2013,"2,3255","2,3571","2,3750","2,3213","-0,0150"
09/12/2013,"2,3195","2,3310","2,3323","2,3151","-0,0026"
10/12/2013,"2,3087","2,3181","2,3198","2,3044","-0,0047"
11/12/2013,"2,3410","2,3066","2,3442","2,3066","0,0140"
12/12/2013,"2,3320","2,3415","2,3515","2,3245","-0,0038"
13/12/2013,"2,3295","2,3351","2,3406","2,3265","-0,0011"
16/12/2013,"2,3276","2,3325","2,3355","2,3088","-0,0008"
17/12/2013,"2,3191","2,3306","2,3310","2,3143","-0,0037"
18/12/2013,"2,3260","2,3196","2,3636","2,3152","0,0030"
19/12/2013,"2,3530","2,3318","2,3621","2,3313","0,0116"
20/12/2013,"2,3874","2,3568","2,3896","2,3568","0,0146"
23/12/2013,"2,3568","2,3877","2,3883","2,3569","-0,0128"
24/12/2013,"2,3568","2,3571","2,3575","2,3570","0,0000"
25/12/2013,"2,3568","2,3570","2,3571","2,3570","0,0000"
26/12/2013,"2,3510","2,3571","2,3648","2,3459","-0,0025"
27/12/2013,"2,3382","2,3591","2,3591","2,3349","-0,0054"
30/12/2013,"2,3619","2,3385","2,3655","2,3261","0,0101"
31/12/2013,"2,3618","2,3621","2,3621","2,3621","0,0000"
01/01/2014,"2,3618","2,3618","2,3618","2,3618","0,0000"
02/01/2014,"2,3874","2,3781","2,4099","2,3774","0,0108"
03/01/2014,"2,3760","2,3791","2,3892","2,3682","-0,0048"
06/01/2014,"2,3759","2,3811","2,3859","2,3709","0,0000"
07/01/2014,"2,3720","2,3806","2,3806","2,3553","-0,0016"
08/01/2014,"2,3964","2,3726","2,4005","2,3678","0,0103"
09/01/2014,"2,3902","2,3951","2,4040","2,3893","-0,0026"
10/01/2014,"2,3582","2,3906","2,3976","2,3569","-0,0134"
13/01/2014,"2,3595","2,3616","2,3629","2,3387","0,0006"
14/01/2014,"2,3501","2,3574","2,3684","2,3481","-0,0040"
15/01/2014,"2,3603","2,3501","2,3609","2,3403","0,0043"
16/01/2014,"2,3633","2,3601","2,3782","2,3445","0,0013"
17/01/2014,"2,3423","2,3617","2,3661","2,3393","-0,0089"
20/01/2014,"2,3440","2,3428","2,3445","2,3276","0,0007"
21/01/2014,"2,3573","2,3436","2,3684","2,3410","0,0057"
22/01/2014,"2,3723","2,3606","2,3769","2,3538","0,0064"
23/01/2014,"2,3956","2,3726","2,4059","2,3681","0,0098"
24/01/2014,"2,3977","2,4001","2,4329","2,3937","0,0009"
27/01/2014,"2,4205","2,4010","2,4292","2,3903","0,0095"
28/01/2014,"2,4258","2,4236","2,4305","2,4037","0,0022"
29/01/2014,"2,4347","2,4226","2,4508","2,4226","0,0037"
30/01/2014,"2,4113","2,4371","2,4442","2,4080","-0,0096"
31/01/2014,"2,4122","2,4086","2,4377","2,3909","0,0004"
03/02/2014,"2,4397","2,4127","2,4406","2,4001","0,0114"
04/02/2014,"2,4053","2,4307","2,4384","2,4050","-0,0141"
05/02/2014,"2,3981","2,4094","2,4200","2,3925","-0,0030"
06/02/2014,"2,3820","2,3986","2,4139","2,3773","-0,0067"
07/02/2014,"2,3797","2,3815","2,3940","2,3696","-0,0010"
10/02/2014,"2,4080","2,3812","2,4114","2,3806","0,0119"
11/02/2014,"2,4000","2,4096","2,4186","2,3955","-0,0033"
12/02/2014,"2,4250","2,4002","2,4273","2,3974","0,0104"
13/02/2014,"2,3933","2,4261","2,4341","2,3924","-0,0131"
14/02/2014,"2,3888","2,3946","2,3995","2,3789","-0,0019"
17/02/2014,"2,3890","2,3856","2,3930","2,3779","0,0001"
18/02/2014,"2,3950","2,3886","2,4018","2,3841","0,0025"
19/02/2014,"2,3937","2,3960","2,4126","2,3846","-0,0005"
20/02/2014,"2,3701","2,3976","2,3976","2,3631","-0,0099"
21/02/2014,"2,3453","2,3691","2,3781","2,3417","-0,0105"
24/02/2014,"2,3390","2,3471","2,3536","2,3270","-0,0027"
25/02/2014,"2,3408","2,3411","2,3454","2,3278","0,0008"
26/02/2014,"2,3495","2,3422","2,3575","2,3338","0,0037"
27/02/2014,"2,3217","2,3510","2,3570","2,3182","-0,0118"
28/02/2014,"2,3381","2,3186","2,3476","2,3183","0,0071"
03/03/2014,"2,3438","2,3384","2,3442","2,3384","0,0024"
04/03/2014,"2,3406","2,3431","2,3438","2,3412","-0,0014"
05/03/2014,"2,3178","2,3410","2,3410","2,3143","-0,0097"
06/03/2014,"2,3225","2,3171","2,3249","2,2998","0,0020"
07/03/2014,"2,3403","2,3235","2,3503","2,3221","0,0077"
10/03/2014,"2,3491","2,3455","2,3566","2,3263","0,0038"
11/03/2014,"2,3639","2,3496","2,3687","2,3378","0,0063"
12/03/2014,"2,3523","2,3638","2,3741","2,3526","-0,0049"
13/03/2014,"2,3636","2,3553","2,3678","2,3375","0,0048"
14/03/2014,"2,3460","2,3641","2,3766","2,3457","-0,0074"
17/03/2014,"2,3485","2,3469","2,3573","2,3421","0,0011"
18/03/2014,"2,3340","2,3491","2,3605","2,3331","-0,0062"
19/03/2014,"2,3473","2,3351","2,3541","2,3247","0,0057"
20/03/2014,"2,3269","2,3478","2,3575","2,3200","-0,0087"
21/03/2014,"2,3237","2,3281","2,3328","2,3150","-0,0014"
24/03/2014,"2,3220","2,3236","2,3343","2,3133","-0,0007"
25/03/2014,"2,3108","2,3235","2,3316","2,2985","-0,0048"
26/03/2014,"2,3037","2,3115","2,3202","2,2923","-0,0031"
27/03/2014,"2,2583","2,3033","2,3087","2,2570","-0,0197"
28/03/2014,"2,2609","2,2592","2,2709","2,2478","0,0012"
31/03/2014,"2,2714","2,2634","2,2755","2,2491","0,0046"
01/04/2014,"2,2603","2,2721","2,2761","2,2525","-0,0049"
02/04/2014,"2,2685","2,2614","2,2768","2,2591","0,0036"
03/04/2014,"2,2788","2,2685","2,2889","2,2685","0,0045"
04/04/2014,"2,2354","2,2793","2,2795","2,2346","-0,0190"
07/04/2014,"2,2184","2,2363","2,2489","2,2119","-0,0076"
08/04/2014,"2,2009","2,2193","2,2195","2,1927","-0,0079"
09/04/2014,"2,1854","2,2015","2,2195","2,1857","-0,0070"
10/04/2014,"2,2060","2,1863","2,2072","2,1814","0,0094"
11/04/2014,"2,2172","2,2069","2,2236","2,1969","0,0051"
14/04/2014,"2,2130","2,2183","2,2226","2,2057","-0,0019"
15/04/2014,"2,2324","2,2143","2,2405","2,2121","0,0088"
16/04/2014,"2,2430","2,2327","2,2460","2,2234","0,0047"
17/04/2014,"2,2373","2,2439","2,2560","2,2325","-0,0025"
18/04/2014,"2,2370","2,2378","2,2415","2,2350","-0,0001"
21/04/2014,"2,2360","2,2370","2,2370","2,2370","-0,0004"
22/04/2014,"2,2372","2,2360","2,2504","2,2342","0,0005"
23/04/2014,"2,2205","2,2383","2,2487","2,2204","-0,0075"
24/04/2014,"2,2130","2,2216","2,2286","2,2116","-0,0034"
25/04/2014,"2,2435","2,2138","2,2470","2,2116","0,0138"
28/04/2014,"2,2230","2,2421","2,2459","2,2205","-0,0091"
29/04/2014,"2,2356","2,2230","2,2368","2,2058","0,0057"
30/04/2014,"2,2320","2,2363","2,2583","2,2267","-0,0016"
01/05/2014,"2,2330","2,2338","2,2340","2,2332","0,0004"
02/05/2014,"2,2197","2,2319","2,2443","2,2132","-0,0060"
05/05/2014,"2,2429","2,2297","2,2494","2,2201","0,0105"
06/05/2014,"2,2289","2,2445","2,2450","2,2211","-0,0062"
07/05/2014,"2,2160","2,2298","2,2350","2,2137","-0,0058"
08/05/2014,"2,2140","2,2158","2,2195","2,1997","-0,0009"
09/05/2014,"2,2123","2,2170","2,2249","2,2099","-0,0008"
12/05/2014,"2,2135","2,2184","2,2210","2,2085","0,0005"
13/05/2014,"2,2143","2,2146","2,2196","2,2045","0,0004"
14/05/2014,"2,2015","2,2145","2,2206","2,2008","-0,0058"
15/05/2014,"2,2201","2,2025","2,2283","2,2025","0,0084"
16/05/2014,"2,2138","2,2187","2,2207","2,2068","-0,0028"
19/05/2014,"2,2055","2,2155","2,2183","2,2023","-0,0037"
20/05/2014,"2,2155","2,2058","2,2211","2,2058","0,0045"
21/05/2014,"2,2065","2,2138","2,2168","2,2047","-0,0041"
22/05/2014,"2,2148","2,2075","2,2207","2,1997","0,0038"
23/05/2014,"2,2226","2,2155","2,2266","2,2112","0,0035"
26/05/2014,"2,2236","2,2223","2,2274","2,2162","0,0004"
27/05/2014,"2,2370","2,2241","2,2450","2,2219","0,0060"
28/05/2014,"2,2321","2,2382","2,2475","2,2312","-0,0022"
29/05/2014,"2,2245","2,2320","2,2358","2,2156","-0,0034"
30/05/2014,"2,2403","2,2248","2,2472","2,2225","0,0071"
02/06/2014,"2,2765","2,2415","2,2778","2,2413","0,0162"
03/06/2014,"2,2795","2,2773","2,2827","2,2563","0,0013"
04/06/2014,"2,2776","2,2800","2,2918","2,2681","-0,0008"
05/06/2014,"2,2616","2,2781","2,2814","2,2589","-0,0070"
06/06/2014,"2,2465","2,2620","2,2621","2,2386","-0,0067"
09/06/2014,"2,2270","2,2458","2,2463","2,2228","-0,0087"
10/06/2014,"2,2215","2,2287","2,2352","2,2217","-0,0025"
11/06/2014,"2,2325","2,2218","2,2367","2,2216","0,0050"
12/06/2014,"2,2295","2,2329","2,2339","2,2295","-0,0013"
13/06/2014,"2,2237","2,2300","2,2417","2,2230","-0,0026"
16/06/2014,"2,2333","2,2238","2,2387","2,2238","0,0043"
17/06/2014,"2,2617","2,2348","2,2642","2,2303","0,0127"
18/06/2014,"2,2270","2,2618","2,2619","2,2266","-0,0153"
19/06/2014,"2,2220","2,2263","2,2263","2,2225","-0,0022"
20/06/2014,"2,2285","2,2225","2,2428","2,2225","0,0029"
23/06/2014,"2,2175","2,2298","2,2348","2,2159","-0,0049"
24/06/2014,"2,2242","2,2180","2,2272","2,2138","0,0030"
25/06/2014,"2,2076","2,2251","2,2253","2,1996","-0,0075"
26/06/2014,"2,1964","2,2078","2,2136","2,1925","-0,0051"
27/06/2014,"2,1934","2,1969","2,2075","2,1869","-0,0014"
30/06/2014,"2,2137","2,1937","2,2149","2,1937","0,0093"
01/07/2014,"2,2013","2,2146","2,2205","2,1988","-0,0056"
02/07/2014,"2,2245","2,2020","2,2267","2,2003","0,0105"
03/07/2014,"2,2098","2,2255","2,2455","2,2095","-0,0066"
04/07/2014,"2,2130","2,2121","2,2171","2,2098","0,0014"
07/07/2014,"2,2237","2,2133","2,2268","2,2092","0,0048"
08/07/2014,"2,2120","2,2253","2,2286","2,2077","-0,0053"
09/07/2014,"2,2120","2,2123","2,2123","2,2123","0,0000"
10/07/2014,"2,2191","2,2099","2,2273","2,2099","0,0032"
11/07/2014,"2,2205","2,2192","2,2271","2,2180","0,0006"
14/07/2014,"2,2104","2,2209","2,2228","2,2100","-0,0045"
15/07/2014,"2,2196","2,2103","2,2273","2,2097","0,0042"
16/07/2014,"2,2236","2,2193","2,2289","2,2128","0,0018"
17/07/2014,"2,2575","2,2238","2,2606","2,2223","0,0152"
18/07/2014,"2,2245","2,2583","2,2588","2,2240","-0,0146"
21/07/2014,"2,2190","2,2255","2,2309","2,2180","-0,0025"
22/07/2014,"2,2129","2,2215","2,2258","2,2068","-0,0027"
23/07/2014,"2,2175","2,2123","2,2234","2,2112","0,0021"
24/07/2014,"2,2220","2,2187","2,2232","2,2123","0,0020"
25/07/2014,"2,2285","2,2229","2,2332","2,2183","0,0029"
28/07/2014,"2,2220","2,2303","2,2358","2,2219","-0,0029"
29/07/2014,"2,2303","2,2232","2,2327","2,2223","0,0037"
30/07/2014,"2,2452","2,2305","2,2604","2,2303","0,0067"
31/07/2014,"2,2634","2,2469","2,2751","2,2469","0,0081"
01/08/2014,"2,2572","2,2635","2,2849","2,2505","-0,0027"
04/08/2014,"2,2580","2,2609","2,2663","2,2474","0,0004"
05/08/2014,"2,2815","2,2598","2,2870","2,2574","0,0104"
06/08/2014,"2,2730","2,2815","2,2962","2,2684","-0,0037"
07/08/2014,"2,2949","2,2739","2,2995","2,2699","0,0096"
08/08/2014,"2,2805","2,2962","2,3077","2,2798","-0,0063"
11/08/2014,"2,2750","2,2821","2,2836","2,2656","-0,0024"
12/08/2014,"2,2765","2,2755","2,2846","2,2718","0,0007"
13/08/2014,"2,2795","2,2793","2,2882","2,2612","0,0013"
14/08/2014,"2,2661","2,2815","2,2822","2,2642","-0,0059"
15/08/2014,"2,2593","2,2660","2,2769","2,2569","-0,0030"
18/08/2014,"2,2575","2,2599","2,2646","2,2503","-0,0008"
19/08/2014,"2,2462","2,2579","2,2657","2,2465","-0,0050"
20/08/2014,"2,2617","2,2467","2,2642","2,2467","0,0069"
21/08/2014,"2,2680","2,2626","2,2702","2,2515","0,0028"
22/08/2014,"2,2770","2,2692","2,2843","2,2663","0,0040"
25/08/2014,"2,2875","2,2778","2,2909","2,2745","0,0046"
26/08/2014,"2,2610","2,2882","2,2893","2,2607","-0,0116"
27/08/2014,"2,2466","2,2615","2,2662","2,2421","-0,0064"
28/08/2014,"2,2405","2,2468","2,2598","2,2360","-0,0027"
29/08/2014,"2,2355","2,2398","2,2458","2,2329","-0,0022"
01/09/2014,"2,2450","2,2362","2,2478","2,2298","0,0042"
02/09/2014,"2,2430","2,2462","2,2571","2,2382","-0,0009"
03/09/2014,"2,2367","2,2429","2,2430","2,2259","-0,0028"
04/09/2014,"2,2426","2,2370","2,2470","2,2253","0,0026"
05/09/2014,"2,2403","2,2434","2,2512","2,2310","-0,0010"
08/09/2014,"2,2672","2,2438","2,2743","2,2396","0,0120"
09/09/2014,"2,2860","2,2681","2,2928","2,2680","0,0083"
10/09/2014,"2,2883","2,2842","2,3018","2,2840","0,0010"
11/09/2014,"2,2977","2,2903","2,2999","2,2819","0,0041"
12/09/2014,"2,3390","2,2983","2,3470","2,2977","0,0180"
15/09/2014,"2,3422","2,3393","2,3508","2,3286","0,0014"
16/09/2014,"2,3317","2,3428","2,3434","2,3161","-0,0045"
17/09/2014,"2,3581","2,3325","2,3644","2,3238","0,0113"
18/09/2014,"2,3641","2,3585","2,3770","2,3524","0,0025"
19/09/2014,"2,3679","2,3652","2,3860","2,3514","0,0016"
22/09/2014,"2,3979","2,3677","2,3990","2,3629","0,0127"
23/09/2014,"2,4113","2,3983","2,4145","2,3874","0,0056"
24/09/2014,"2,3828","2,4118","2,4178","2,3807","-0,0118"
25/09/2014,"2,4277","2,3832","2,4333","2,3827","0,0188"
26/09/2014,"2,4198","2,4281","2,4437","2,4089","-0,0033"
29/09/2014,"2,4466","2,4200","2,4786","2,4200","0,0111"
30/09/2014,"2,4449","2,4465","2,4625","2,4427","-0,0007"
01/10/2014,"2,4805","2,4444","2,4886","2,4391","0,0146"
02/10/2014,"2,4949","2,4812","2,4983","2,4696","0,0058"
03/10/2014,"2,4580","2,4955","2,5076","2,4559","-0,0148"
06/10/2014,"2,4236","2,4583","2,4583","2,3718","-0,0140"
07/10/2014,"2,3956","2,4265","2,4288","2,3854","-0,0116"
08/10/2014,"2,3765","2,3955","2,4316","2,3722","-0,0080"
09/10/2014,"2,3980","2,3772","2,4054","2,3561","0,0090"
10/10/2014,"2,4287","2,3989","2,4308","2,3981","0,0128"
13/10/2014,"2,3940","2,4295","2,4295","2,3798","-0,0143"
14/10/2014,"2,3995","2,3938","2,4071","2,3901","0,0023"
15/10/2014,"2,4580","2,3994","2,4633","2,3994","0,0244"
16/10/2014,"2,4715","2,4580","2,5064","2,4553","0,0055"
17/10/2014,"2,4348","2,4730","2,4730","2,4228","-0,0148"
20/10/2014,"2,4646","2,4359","2,4688","2,4359","0,0122"
21/10/2014,"2,4802","2,4652","2,5015","2,4621","0,0063"
22/10/2014,"2,4860","2,4810","2,4932","2,4658","0,0023"
23/10/2014,"2,4975","2,4873","2,5188","2,4866","0,0046"
24/10/2014,"2,4733","2,4988","2,5014","2,4475","-0,0097"
27/10/2014,"2,5218","2,4739","2,5603","2,4739","0,0196"
28/10/2014,"2,4606","2,5226","2,5226","2,4598","-0,0243"
29/10/2014,"2,4609","2,4614","2,4725","2,4242","0,0001"
30/10/2014,"2,4033","2,4612","2,4612","2,3930","-0,0234"
31/10/2014,"2,4779","2,4042","2,4792","2,3979","0,0310"
03/11/2014,"2,4962","2,4784","2,5091","2,4536","0,0074"
04/11/2014,"2,4959","2,4954","2,5332","2,4913","-0,0001"
05/11/2014,"2,5036","2,4970","2,5291","2,4970","0,0031"
06/11/2014,"2,5692","2,5049","2,5748","2,5039","0,0262"
07/11/2014,"2,5580","2,5697","2,5895","2,5491","-0,0044"
10/11/2014,"2,5520","2,5588","2,5588","2,5310","-0,0023"
11/11/2014,"2,5565","2,5528","2,5715","2,5528","0,0018"
12/11/2014,"2,5657","2,5575","2,5696","2,5348","0,0036"
13/11/2014,"2,5887","2,5665","2,6093","2,5607","0,0090"
14/11/2014,"2,6005","2,6012","2,6295","2,5924","0,0046"
17/11/2014,"2,6077","2,6018","2,6195","2,5805","0,0028"
18/11/2014,"2,5820","2,6081","2,6081","2,5819","-0,0099"
19/11/2014,"2,5715","2,5825","2,5994","2,5652","-0,0041"
20/11/2014,"2,5718","2,5720","2,5731","2,5717","0,0001"
21/11/2014,"2,5152","2,5731","2,5731","2,5092","-0,0220"
24/11/2014,"2,5453","2,5153","2,5528","2,5014","0,0120"
25/11/2014,"2,5296","2,5458","2,5524","2,5175","-0,0062"
26/11/2014,"2,5009","2,5304","2,5304","2,4953","-0,0113"
27/11/2014,"2,5302","2,5012","2,5332","2,4971","0,0117"
28/11/2014,"2,5651","2,5304","2,5825","2,5304","0,0138"
01/12/2014,"2,5589","2,5659","2,5810","2,5437","-0,0024"
02/12/2014,"2,5669","2,5600","2,5800","2,5563","0,0031"
03/12/2014,"2,5515","2,5682","2,5875","2,5490","-0,0060"
04/12/2014,"2,5907","2,5525","2,5927","2,5525","0,0154"
05/12/2014,"2,5892","2,5915","2,6103","2,5729","-0,0006"
08/12/2014,"2,5996","2,5895","2,6180","2,5884","0,0040"
09/12/2014,"2,5928","2,6004","2,6136","2,5846","-0,0026"
10/12/2014,"2,6150","2,5930","2,6177","2,5858","0,0086"
11/12/2014,"2,6494","2,6163","2,6547","2,6116","0,0132"
12/12/2014,"2,6541","2,6498","2,6780","2,6455","0,0018"
15/12/2014,"2,6952","2,6546","2,7005","2,6504","0,0155"
16/12/2014,"2,7382","2,6955","2,7607","2,6833","0,0160"
17/12/2014,"2,7145","2,7384","2,7497","2,6664","-0,0087"
18/12/2014,"2,6623","2,7154","2,7154","2,6447","-0,0192"
19/12/2014,"2,6593","2,6626","2,6700","2,6397","-0,0011"
22/12/2014,"2,6640","2,6598","2,6671","2,6441","0,0018"
23/12/2014,"2,6937","2,6654","2,7097","2,6521","0,0111"
24/12/2014,"2,6950","2,6946","2,6961","2,6946","0,0005"
25/12/2014,"2,6952","2,6956","2,6957","2,6956","0,0001"
26/12/2014,"2,6675","2,6957","2,6975","2,6683","-0,0103"
29/12/2014,"2,7019","2,6685","2,7129","2,6675","0,0129"
30/12/2014,"2,6570","2,7027","2,7049","2,6409","-0,0166"
31/12/2014,"2,6570","2,6575","2,6575","2,6575","0,0000"
01/01/2015,"2,6570","2,6575","2,6575","2,6575","0,0000"
02/01/2015,"2,6931","2,6575","2,7084","2,6575","0,0136"
05/01/2015,"2,7059","2,6941","2,7310","2,6941","0,0048"
06/01/2015,"2,6996","2,7064","2,7237","2,6916","-0,0023"
07/01/2015,"2,6830","2,7009","2,7093","2,6736","-0,0061"
08/01/2015,"2,6620","2,6835","2,7027","2,6612","-0,0078"
09/01/2015,"2,6299","2,6630","2,6743","2,6266","-0,0121"
12/01/2015,"2,6733","2,6301","2,6748","2,6301","0,0165"
13/01/2015,"2,6425","2,6735","2,6828","2,6273","-0,0115"
14/01/2015,"2,6159","2,6430","2,6541","2,6035","-0,0101"
15/01/2015,"2,6410","2,6159","2,6450","2,5948","0,0096"
16/01/2015,"2,6204","2,6422","2,6438","2,6145","-0,0078"
19/01/2015,"2,6511","2,6210","2,6643","2,6187","0,0117"
20/01/2015,"2,6133","2,6518","2,6525","2,6079","-0,0143"
21/01/2015,"2,6000","2,6143","2,6146","2,5856","-0,0051"
22/01/2015,"2,5735","2,6005","2,6007","2,5494","-0,0102"
23/01/2015,"2,5785","2,5745","2,5986","2,5705","0,0019"
26/01/2015,"2,5832","2,5797","2,6089","2,5797","0,0018"
27/01/2015,"2,5722","2,5835","2,5987","2,5651","-0,0043"
28/01/2015,"2,5757","2,5725","2,5910","2,5660","0,0014"
29/01/2015,"2,6027","2,5765","2,6175","2,5761","0,0105"
30/01/2015,"2,6814","2,6035","2,6931","2,6031","0,0302"
02/02/2015,"2,7261","2,6824","2,7290","2,6658","0,0167"
03/02/2015,"2,6940","2,7271","2,7282","2,6878","-0,0118"
04/02/2015,"2,7416","2,6945","2,7486","2,6923","0,0177"
05/02/2015,"2,7446","2,7418","2,7622","2,7222","0,0011"
06/02/2015,"2,7815","2,7451","2,7847","2,7428","0,0134"
09/02/2015,"2,7685","2,7825","2,7972","2,7645","-0,0047"
10/02/2015,"2,8338","2,7698","2,8396","2,7694","0,0236"
11/02/2015,"2,8688","2,8343","2,8827","2,8341","0,0124"
12/02/2015,"2,8205","2,8693","2,8789","2,8156","-0,0168"
13/02/2015,"2,8333","2,8208","2,8585","2,8152","0,0045"
16/02/2015,"2,8333","2,8346","2,8346","2,8346","0,0000"
17/02/2015,"2,8290","2,8346","2,8346","2,8292","-0,0015"
18/02/2015,"2,8364","2,8296","2,8494","2,8278","0,0026"
19/02/2015,"2,8663","2,8380","2,8700","2,8380","0,0105"
20/02/2015,"2,8670","2,8665","2,8856","2,8540","0,0002"
23/02/2015,"2,8785","2,8680","2,9042","2,8615","0,0040"
24/02/2015,"2,8325","2,8788","2,8912","2,8261","-0,0160"
25/02/2015,"2,8745","2,8327","2,8859","2,8327","0,0148"
26/02/2015,"2,9080","2,8750","2,9085","2,8410","0,0117"
27/02/2015,"2,8380","2,9085","2,9208","2,8386","-0,0241"
02/03/2015,"2,8960","2,8390","2,8979","2,8390","0,0204"
03/03/2015,"2,9303","2,8965","2,9345","2,8910","0,0118"
04/03/2015,"2,9755","2,9311","3,0005","2,9311","0,0154"
05/03/2015,"3,0024","2,9775","3,0224","2,9774","0,0090"
06/03/2015,"3,0605","3,0035","3,0724","2,9829","0,0194"
09/03/2015,"3,1215","3,0617","3,1331","3,0582","0,0199"
10/03/2015,"3,1016","3,1233","3,1729","3,0889","-0,0064"
11/03/2015,"3,1251","3,1031","3,1406","3,0827","0,0076"
12/03/2015,"3,1647","3,1255","3,1719","3,0758","0,0127"
13/03/2015,"3,2479","3,1663","3,2808","3,1659","0,0263"
16/03/2015,"3,2485","3,2487","3,2639","3,2064","0,0002"
17/03/2015,"3,2392","3,2445","3,2838","3,2249","-0,0029"
18/03/2015,"3,2084","3,2396","3,2801","3,1893","-0,0095"
19/03/2015,"3,2915","3,2101","3,3070","3,2090","0,0259"
20/03/2015,"3,2279","3,2921","3,3163","3,2013","-0,0193"
23/03/2015,"3,1319","3,2293","3,2308","3,1300","-0,0297"
24/03/2015,"3,1394","3,1323","3,1725","3,0919","0,0024"
25/03/2015,"3,2002","3,1398","3,2043","3,1157","0,0194"
26/03/2015,"3,1822","3,2012","3,2244","3,1721","-0,0056"
27/03/2015,"3,2488","3,1825","3,2499","3,1800","0,0209"
30/03/2015,"3,2292","3,2496","3,2886","3,2074","-0,0060"
31/03/2015,"3,1947","3,2294","3,2690","3,1656","-0,0107"
01/04/2015,"3,1647","3,1951","3,1951","3,1318","-0,0094"
02/04/2015,"3,1193","3,1661","3,1856","3,1174","-0,0143"
03/04/2015,"3,1200","3,1205","3,1213","3,1199","0,0002"
06/04/2015,"3,1261","3,1210","3,1278","3,0819","0,0020"
07/04/2015,"3,1275","3,1264","3,1482","3,1096","0,0004"
08/04/2015,"3,0487","3,1288","3,1300","3,0462","-0,0252"
09/04/2015,"3,0585","3,0496","3,0749","3,0227","0,0032"
10/04/2015,"3,0745","3,0591","3,0946","3,0582","0,0052"
13/04/2015,"3,1205","3,0755","3,1289","3,0747","0,0150"
14/04/2015,"3,0623","3,1229","3,1264","3,0556","-0,0187"
15/04/2015,"3,0283","3,0641","3,0949","3,0248","-0,0111"
16/04/2015,"3,0217","3,0297","3,0418","2,9986","-0,0022"
17/04/2015,"3,0404","3,0224","3,0710","3,0044","0,0062"
20/04/2015,"3,0320","3,0536","3,0586","3,0214","-0,0028"
21/04/2015,"3,0335","3,0330","3,0348","3,0294","0,0005"
22/04/2015,"3,0098","3,0340","3,0381","2,9965","-0,0078"
23/04/2015,"2,9697","3,0113","3,0324","2,9690","-0,0133"
24/04/2015,"2,9511","2,9707","2,9916","2,9504","-0,0063"
27/04/2015,"2,9160","2,9515","2,9606","2,8983","-0,0119"
28/04/2015,"2,9360","2,9174","2,9447","2,8816","0,0069"
29/04/2015,"2,9597","2,9366","2,9650","2,9137","0,0081"
30/04/2015,"3,0140","2,9620","3,0207","2,9488","0,0183"
01/05/2015,"3,0131","3,0152","3,0175","3,0111","-0,0003"
04/05/2015,"3,0855","3,0165","3,0961","3,0121","0,0240"
05/05/2015,"3,0525","3,0864","3,0912","3,0419","-0,0107"
06/05/2015,"3,0321","3,0566","3,0760","3,0216","-0,0067"
07/05/2015,"3,0245","3,0331","3,0635","3,0148","-0,0025"
08/05/2015,"2,9720","3,0252","3,0435","2,9730","-0,0174"
11/05/2015,"3,0600","2,9757","3,0628","2,9751","0,0296"
12/05/2015,"3,0193","3,0597","3,0781","3,0121","-0,0133"
13/05/2015,"3,0389","3,0198","3,0442","2,9820","0,0065"
14/05/2015,"2,9930","3,0397","3,0423","2,9890","-0,0151"
15/05/2015,"2,9957","2,9936","3,0150","2,9702","0,0009"
18/05/2015,"3,0062","2,9966","3,0310","2,9936","0,0035"
19/05/2015,"3,0391","3,0078","3,0449","3,0027","0,0109"
20/05/2015,"3,0017","3,0393","3,0457","2,9977","-0,0123"
21/05/2015,"3,0376","3,0028","3,0466","2,9972","0,0120"
22/05/2015,"3,0934","3,0393","3,1006","3,0325","0,0184"
25/05/2015,"3,0957","3,0962","3,1338","3,0896","0,0007"
26/05/2015,"3,1530","3,0974","3,1558","3,0918","0,0185"
27/05/2015,"3,1394","3,1537","3,1859","3,1384","-0,0043"
28/05/2015,"3,1621","3,1410","3,1895","3,1406","0,0072"
29/05/2015,"3,1788","3,1629","3,1966","3,1403","0,0053"
01/06/2015,"3,1703","3,1795","3,2143","3,1582","-0,0027"
02/06/2015,"3,1296","3,1715","3,1769","3,1251","-0,0128"
03/06/2015,"3,1336","3,1304","3,1468","3,1023","0,0013"
04/06/2015,"3,1403","3,1341","3,1477","3,1330","0,0021"
05/06/2015,"3,1433","3,1417","3,1895","3,1073","0,0010"
08/06/2015,"3,1124","3,1433","3,1497","3,1056","-0,0098"
09/06/2015,"3,0960","3,1133","3,1203","3,0889","-0,0053"
10/06/2015,"3,1172","3,0969","3,1190","3,0613","0,0068"
11/06/2015,"3,0893","3,1179","3,1716","3,0887","-0,0090"
12/06/2015,"3,1170","3,0902","3,1292","3,0894","0,0090"
15/06/2015,"3,1296","3,1192","3,1394","3,0920","0,0040"
16/06/2015,"3,0874","3,1269","3,1410","3,0833","-0,0135"
17/06/2015,"3,0564","3,0883","3,1058","3,0504","-0,0100"
18/06/2015,"3,0593","3,0558","3,0643","3,0296","0,0009"
19/06/2015,"3,0963","3,0590","3,1035","3,0538","0,0121"
22/06/2015,"3,0799","3,0967","3,1031","3,0663","-0,0053"
23/06/2015,"3,0748","3,0812","3,1163","3,0746","-0,0017"
24/06/2015,"3,0968","3,0759","3,1032","3,0627","0,0072"
25/06/2015,"3,1269","3,0979","3,1332","3,0806","0,0097"
26/06/2015,"3,1289","3,1280","3,1435","3,1177","0,0006"
29/06/2015,"3,1175","3,1307","3,1524","3,1052","-0,0036"
30/06/2015,"3,1020","3,1185","3,1279","3,0857","-0,0050"
01/07/2015,"3,1485","3,1031","3,1502","3,0966","0,0150"
02/07/2015,"3,0952","3,1498","3,1593","3,0929","-0,0169"
03/07/2015,"3,1340","3,0979","3,1423","3,0968","0,0125"
06/07/2015,"3,1387","3,1346","3,1548","3,1299","0,0015"
07/07/2015,"3,1863","3,1378","3,2019","3,1357","0,0152"
08/07/2015,"3,2335","3,1872","3,2434","3,1797","0,0148"
09/07/2015,"3,2188","3,2367","3,2402","3,2130","-0,0045"
10/07/2015,"3,1583","3,2200","3,2274","3,1573","-0,0188"
13/07/2015,"3,1335","3,1600","3,1794","3,1285","-0,0079"
14/07/2015,"3,1389","3,1347","3,1443","3,1128","0,0017"
15/07/2015,"3,1385","3,1403","3,1665","3,1286","-0,0001"
16/07/2015,"3,1580","3,1387","3,1620","3,1275","0,0062"
17/07/2015,"3,1873","3,1588","3,2036","3,1518","0,0093"
20/07/2015,"3,1977","3,1889","3,2252","3,1874","0,0033"
21/07/2015,"3,1710","3,1986","3,2014","3,1632","-0,0083"
22/07/2015,"3,2228","3,1720","3,2350","3,1710","0,0163"
23/07/2015,"3,2849","3,2233","3,2990","3,2193","0,0193"
24/07/2015,"3,3544","3,2862","3,3576","3,2850","0,0212"
27/07/2015,"3,3635","3,3548","3,3820","3,3453","0,0027"
28/07/2015,"3,3573","3,3647","3,4350","3,3424","-0,0018"
29/07/2015,"3,3298","3,3562","3,3717","3,3126","-0,0082"
30/07/2015,"3,3705","3,3279","3,3851","3,3237","0,0122"
31/07/2015,"3,4204","3,3735","3,4319","3,3359","0,0148"
03/08/2015,"3,4511","3,4227","3,4616","3,4206","0,0090"
04/08/2015,"3,4702","3,4505","3,4889","3,4294","0,0055"
05/08/2015,"3,4855","3,4701","3,5002","3,4523","0,0044"
06/08/2015,"3,5347","3,4863","3,5703","3,4845","0,0141"
07/08/2015,"3,5057","3,5399","3,5686","3,4910","-0,0082"
10/08/2015,"3,4341","3,5077","3,5268","3,4343","-0,0204"
11/08/2015,"3,4744","3,4350","3,5170","3,4345","0,0117"
12/08/2015,"3,4804","3,4746","3,5049","3,4456","0,0017"
13/08/2015,"3,5181","3,4810","3,5289","3,4737","0,0108"
14/08/2015,"3,4834","3,5196","3,5254","3,4595","-0,0099"
17/08/2015,"3,4797","3,4879","3,5059","3,4606","-0,0011"
18/08/2015,"3,4678","3,4803","3,5043","3,4548","-0,0034"
19/08/2015,"3,4924","3,4669","3,5154","3,4592","0,0071"
20/08/2015,"3,4559","3,4933","3,5226","3,4481","-0,0105"
21/08/2015,"3,4993","3,4565","3,5083","3,4518","0,0126"
24/08/2015,"3,5531","3,4998","3,5801","3,4992","0,0154"
25/08/2015,"3,6172","3,5515","3,6177","3,5156","0,0180"
26/08/2015,"3,5952","3,6176","3,6560","3,5876","-0,0061"
27/08/2015,"3,5506","3,5962","3,5992","3,5389","-0,0124"
28/08/2015,"3,5808","3,5544","3,6018","3,5438","0,0085"
31/08/2015,"3,6187","3,5820","3,6838","3,5818","0,0106"
01/09/2015,"3,7016","3,6189","3,7045","3,6187","0,0229"
02/09/2015,"3,7588","3,7032","3,7730","3,6913","0,0155"
03/09/2015,"3,7377","3,7603","3,8170","3,7334","-0,0056"
04/09/2015,"3,8439","3,7406","3,8621","3,7375","0,0284"
07/09/2015,"3,8372","3,8434","3,8449","3,8376","-0,0017"
08/09/2015,"3,8185","3,8389","3,8415","3,7787","-0,0049"
09/09/2015,"3,7778","3,8191","3,8228","3,7641","-0,0107"
10/09/2015,"3,8491","3,7788","3,9167","3,7753","0,0189"
11/09/2015,"3,8700","3,8456","3,8940","3,8199","0,0054"
14/09/2015,"3,8139","3,8735","3,8935","3,8051","-0,0145"
15/09/2015,"3,8630","3,8151","3,8840","3,8065","0,0129"
16/09/2015,"3,8277","3,8634","3,8684","3,8182","-0,0091"
17/09/2015,"3,8976","3,8299","3,9089","3,8278","0,0183"
18/09/2015,"3,9445","3,8990","3,9631","3,8617","0,0120"
21/09/2015,"3,9854","3,9439","3,9990","3,9311","0,0104"
22/09/2015,"4,0487","3,9850","4,0676","3,9822","0,0159"
23/09/2015,"4,1775","4,0501","4,1797","4,0140","0,0318"
24/09/2015,"3,9363","4,1788","4,2486","3,9364","-0,0577"
25/09/2015,"3,9768","3,9368","4,0084","3,8818","0,0103"
28/09/2015,"4,1068","3,9761","4,1140","3,9740","0,0327"
29/09/2015,"4,0619","4,1074","4,1542","4,0113","-0,0109"
30/09/2015,"3,9478","4,0632","4,0647","3,9225","-0,0281"
01/10/2015,"4,0092","3,9510","4,0207","3,9375","0,0156"
02/10/2015,"3,9316","4,0082","4,0458","3,9283","-0,0194"
05/10/2015,"3,9118","3,9336","3,9516","3,8885","-0,0050"
06/10/2015,"3,8534","3,9128","3,9429","3,8263","-0,0149"
07/10/2015,"3,8826","3,8540","3,8932","3,7878","0,0076"
08/10/2015,"3,7832","3,8852","3,9095","3,7785","-0,0256"
09/10/2015,"3,7651","3,7851","3,7934","3,7232","-0,0048"
12/10/2015,"3,7624","3,7636","3,7670","3,7598","-0,0007"
13/10/2015,"3,8922","3,7641","3,9003","3,7554","0,0345"
14/10/2015,"3,8104","3,8939","3,8964","3,8068","-0,0210"
15/10/2015,"3,8028","3,8119","3,8766","3,7787","-0,0020"
16/10/2015,"3,9237","3,7988","3,9544","3,7940","0,0318"
19/10/2015,"3,8842","3,9239","3,9302","3,8614","-0,0101"
20/10/2015,"3,9058","3,8856","3,9162","3,8462","0,0056"
21/10/2015,"3,9399","3,9066","3,9665","3,9025","0,0087"
22/10/2015,"3,9073","3,9415","3,9642","3,9043","-0,0083"
23/10/2015,"3,8792","3,9080","3,9307","3,8657","-0,0072"
26/10/2015,"3,9045","3,8805","3,9241","3,8257","0,0065"
27/10/2015,"3,8868","3,9056","3,9330","3,8862","-0,0045"
28/10/2015,"3,9079","3,8884","3,9381","3,8554","0,0054"
29/10/2015,"3,8494","3,9085","3,9570","3,8457","-0,0150"
30/10/2015,"3,8562","3,8519","3,8909","3,8247","0,0018"
02/11/2015,"3,8492","3,8562","3,8584","3,8504","-0,0018"
03/11/2015,"3,7697","3,8506","3,8743","3,7413","-0,0207"
04/11/2015,"3,8001","3,7710","3,8158","3,7457","0,0081"
05/11/2015,"3,7798","3,8000","3,8179","3,7653","-0,0053"
06/11/2015,"3,7698","3,7822","3,8429","3,7514","-0,0026"
09/11/2015,"3,7988","3,7713","3,8070","3,7688","0,0077"
10/11/2015,"3,7507","3,7989","3,8247","3,7338","-0,0127"
11/11/2015,"3,7624","3,7510","3,7875","3,7050","0,0031"
12/11/2015,"3,7707","3,7642","3,8267","3,7400","0,0022"
13/11/2015,"3,8441","3,7710","3,8507","3,7623","0,0195"
16/11/2015,"3,8192","3,8453","3,8614","3,8126","-0,0065"
17/11/2015,"3,8090","3,8187","3,8315","3,7862","-0,0027"
18/11/2015,"3,7653","3,8104","3,8146","3,7630","-0,0115"
19/11/2015,"3,7166","3,7667","3,7736","3,7135","-0,0129"
20/11/2015,"3,7037","3,7195","3,7675","3,7041","-0,0035"
23/11/2015,"3,7315","3,7053","3,7405","3,7046","0,0075"
24/11/2015,"3,6985","3,7331","3,7453","3,6929","-0,0088"
25/11/2015,"3,7410","3,7009","3,8069","3,6947","0,0115"
26/11/2015,"3,7419","3,7425","3,7696","3,7327","0,0002"
27/11/2015,"3,8449","3,7432","3,8481","3,7160","0,0275"
30/11/2015,"3,8675","3,8461","3,9233","3,8341","0,0059"
01/12/2015,"3,8560","3,8687","3,9039","3,8253","-0,0030"
02/12/2015,"3,8337","3,8580","3,8766","3,8225","-0,0058"
03/12/2015,"3,7581","3,8351","3,8374","3,7332","-0,0197"
04/12/2015,"3,7506","3,7595","3,7892","3,7237","-0,0020"
07/12/2015,"3,7666","3,7540","3,7790","3,7285","0,0043"
08/12/2015,"3,7947","3,7680","3,8214","3,7442","0,0075"
09/12/2015,"3,7487","3,7964","3,8195","3,7158","-0,0121"
10/12/2015,"3,8111","3,7503","3,8155","3,7406","0,0166"
11/12/2015,"3,8715","3,8122","3,8899","3,8051","0,0158"
14/12/2015,"3,8764","3,8730","3,9238","3,8572","0,0013"
15/12/2015,"3,8715","3,8774","3,9110","3,8498","-0,0013"
16/12/2015,"3,8833","3,8737","3,9668","3,8727","0,0030"
17/12/2015,"3,8781","3,8845","3,9183","3,8585","-0,0013"
18/12/2015,"3,9809","3,8796","3,9854","3,8755","0,0265"
21/12/2015,"4,0119","3,9823","4,0419","3,9621","0,0078"
22/12/2015,"3,9884","4,0135","4,0175","3,9715","-0,0059"
23/12/2015,"3,9404","3,9898","3,9969","3,9399","-0,0120"
24/12/2015,"3,9515","3,9415","3,9530","3,9336","0,0028"
25/12/2015,"3,9448","3,9531","3,9544","3,9463","-0,0017"
28/12/2015,"3,8571","3,9463","3,9650","3,8569","-0,0222"
29/12/2015,"3,8640","3,8585","3,8955","3,8396","0,0018"
30/12/2015,"3,9593","3,8658","4,0200","3,8538","0,0247"
31/12/2015,"3,9593","3,9593","3,9593","3,9593","0,0000"
01/01/2016,"3,9593","3,9593","3,9593","3,9593","0,0000"
04/01/2016,"4,0387","3,9608","4,0706","3,9590","0,0201"
05/01/2016,"4,0062","4,0403","4,0585","3,9876","-0,0080"
06/01/2016,"4,0229","4,0071","4,0565","4,0032","0,0042"
07/01/2016,"4,0433","4,0248","4,0740","4,0216","0,0051"
08/01/2016,"4,0230","4,0453","4,0561","4,0042","-0,0050"
11/01/2016,"4,0522","4,0245","4,0671","4,0014","0,0073"
12/01/2016,"4,0275","4,0537","4,0625","4,0184","-0,0061"
13/01/2016,"4,0143","4,0293","4,0299","3,9700","-0,0033"
14/01/2016,"3,9981","4,0163","4,0424","3,9901","-0,0040"
15/01/2016,"4,0464","4,0003","4,0662","4,0002","0,0121"
18/01/2016,"4,0542","4,0484","4,0575","4,0157","0,0019"
19/01/2016,"4,0611","4,0555","4,0662","3,9983","0,0017"
20/01/2016,"4,0956","4,0624","4,1306","4,0609","0,0085"
21/01/2016,"4,1560","4,0970","4,1731","4,0965","0,0147"
22/01/2016,"4,0930","4,1576","4,1600","4,0922","-0,0152"
25/01/2016,"4,0888","4,0946","4,0966","4,0894","-0,0010"
26/01/2016,"4,0521","4,0901","4,1240","4,0474","-0,0090"
27/01/2016,"4,1062","4,0545","4,1113","4,0285","0,0134"
28/01/2016,"4,0684","4,1095","4,1251","4,0337","-0,0092"
29/01/2016,"3,9973","4,0702","4,0963","3,9916","-0,0175"
01/02/2016,"3,9614","3,9992","4,0273","3,9489","-0,0090"
02/02/2016,"3,9880","3,9627","4,0213","3,9608","0,0067"
03/02/2016,"3,8939","3,9893","3,9955","3,8942","-0,0236"
04/02/2016,"3,8882","3,8957","3,9056","3,8444","-0,0015"
05/02/2016,"3,9020","3,8897","3,9292","3,8597","0,0035"
08/02/2016,"3,8939","3,9037","3,9045","3,8938","-0,0021"
09/02/2016,"3,8841","3,8970","3,8996","3,8831","-0,0025"
10/02/2016,"3,9270","3,8844","3,9495","3,8820","0,0110"
11/02/2016,"3,9931","3,9284","4,0158","3,9240","0,0168"
12/02/2016,"4,0012","3,9946","4,0065","3,9658","0,0020"
15/02/2016,"4,0045","4,0027","4,0063","3,9760","0,0008"
16/02/2016,"4,0708","4,0071","4,0786","3,9873","0,0166"
17/02/2016,"3,9836","4,0709","4,0750","3,9664","-0,0214"
18/02/2016,"4,0269","3,9856","4,0542","3,9705","0,0109"
19/02/2016,"4,0199","4,0274","4,0673","4,0132","-0,0017"
22/02/2016,"3,9458","4,0214","4,0242","3,9302","-0,0184"
23/02/2016,"3,9554","3,9478","3,9811","3,9382","0,0024"
24/02/2016,"3,9576","3,9584","4,0087","3,9466","0,0006"
25/02/2016,"3,9545","3,9588","3,9670","3,9203","-0,0008"
26/02/2016,"3,9925","3,9559","4,0183","3,9304","0,0096"
29/02/2016,"4,0156","3,9948","4,0236","3,9499","0,0058"
01/03/2016,"3,9260","4,0172","4,0225","3,9258","-0,0223"
02/03/2016,"3,8917","3,9278","3,9418","3,8838","-0,0087"
03/03/2016,"3,7976","3,8945","3,8995","3,7763","-0,0242"
04/03/2016,"3,7586","3,7990","3,8010","3,6540","-0,0103"
07/03/2016,"3,7815","3,7588","3,7974","3,7344","0,0061"
08/03/2016,"3,7541","3,7841","3,8031","3,7326","-0,0072"
09/03/2016,"3,6834","3,7558","3,7572","3,6799","-0,0188"
10/03/2016,"3,6200","3,6850","3,7094","3,6079","-0,0172"
11/03/2016,"3,5811","3,6219","3,6689","3,5725","-0,0107"
14/03/2016,"3,6605","3,5828","3,6629","3,5770","0,0222"
15/03/2016,"3,7641","3,6623","3,7805","3,6543","0,0283"
16/03/2016,"3,7414","3,7658","3,8534","3,7309","-0,0060"
17/03/2016,"3,6258","3,7423","3,7455","3,6027","-0,0309"
18/03/2016,"3,6225","3,6253","3,6755","3,5723","-0,0009"
21/03/2016,"3,6165","3,6245","3,6489","3,5991","-0,0017"
22/03/2016,"3,5806","3,6181","3,6528","3,5748","-0,0099"
23/03/2016,"3,6841","3,5810","3,6869","3,5773","0,0289"
24/03/2016,"3,6756","3,6855","3,7219","3,6768","-0,0023"
25/03/2016,"3,6830","3,6781","3,6848","3,6772","0,0020"
28/03/2016,"3,6270","3,6871","3,6891","3,6203","-0,0152"
29/03/2016,"3,6379","3,6275","3,6773","3,6234","0,0030"
30/03/2016,"3,5988","3,6384","3,6497","3,5968","-0,0107"
31/03/2016,"3,5925","3,6017","3,6341","3,5318","-0,0018"
01/04/2016,"3,5525","3,5910","3,6234","3,5352","-0,0111"
04/04/2016,"3,6228","3,5536","3,6292","3,5464","0,0198"
05/04/2016,"3,6795","3,6233","3,6863","3,6198","0,0157"
06/04/2016,"3,6398","3,6804","3,7098","3,6331","-0,0108"
07/04/2016,"3,6890","3,6415","3,7191","3,6391","0,0135"
08/04/2016,"3,5886","3,6901","3,6915","3,5865","-0,0272"
11/04/2016,"3,4912","3,5876","3,5919","3,4866","-0,0271"
12/04/2016,"3,4920","3,4915","3,5633","3,4772","0,0002"
13/04/2016,"3,4974","3,4887","3,5640","3,4712","0,0015"
14/04/2016,"3,4824","3,4983","3,5331","3,4577","-0,0043"
15/04/2016,"3,5325","3,4820","3,5600","3,4682","0,0144"
18/04/2016,"3,6147","3,5315","3,6191","3,4714","0,0233"
19/04/2016,"3,5326","3,6150","3,6171","3,5237","-0,0227"
20/04/2016,"3,5284","3,5300","3,5673","3,5239","-0,0012"
21/04/2016,"3,5371","3,5295","3,5386","3,5237","0,0025"
22/04/2016,"3,5638","3,5386","3,6004","3,5263","0,0075"
25/04/2016,"3,5543","3,5657","3,5703","3,5387","-0,0027"
26/04/2016,"3,5288","3,5583","3,5595","3,5176","-0,0072"
27/04/2016,"3,5262","3,5287","3,5563","3,5112","-0,0007"
28/04/2016,"3,4875","3,5270","3,5293","3,4808","-0,0110"
29/04/2016,"3,4352","3,4879","3,4978","3,4288","-0,0150"
02/05/2016,"3,5006","3,4364","3,5088","3,4338","0,0190"
03/05/2016,"3,5584","3,5004","3,5824","3,4989","0,0165"
04/05/2016,"3,5462","3,5572","3,5730","3,5252","-0,0034"
05/05/2016,"3,5343","3,5472","3,5520","3,5070","-0,0034"
06/05/2016,"3,5008","3,5347","3,5737","3,4938","-0,0095"
09/05/2016,"3,5152","3,5025","3,6762","3,4913","0,0041"
10/05/2016,"3,4753","3,5170","3,5183","3,4628","-0,0114"
11/05/2016,"3,4513","3,4761","3,4825","3,4398","-0,0069"
12/05/2016,"3,4845","3,4529","3,5066","3,4349","0,0096"
13/05/2016,"3,5325","3,4855","3,5343","3,4645","0,0138"
16/05/2016,"3,4988","3,5324","3,5356","3,4949","-0,0095"
17/05/2016,"3,4873","3,4994","3,5290","3,4819","-0,0033"
18/05/2016,"3,5670","3,4887","3,5695","3,4867","0,0229"
19/05/2016,"3,5631","3,5681","3,6192","3,5518","-0,0011"
20/05/2016,"3,5195","3,5648","3,5668","3,5162","-0,0122"
23/05/2016,"3,5722","3,5200","3,5894","3,5136","0,0150"
24/05/2016,"3,5703","3,5732","3,5902","3,5420","-0,0005"
25/05/2016,"3,5833","3,5713","3,6222","3,5516","0,0036"
26/05/2016,"3,5810","3,5836","3,5857","3,5769","-0,0006"
27/05/2016,"3,6105","3,5839","3,6300","3,5807","0,0082"
30/05/2016,"3,5700","3,6125","3,6163","3,5680","-0,0112"
31/05/2016,"3,6105","3,5715","3,6386","3,5545","0,0113"
01/06/2016,"3,5996","3,6095","3,6360","3,5770","-0,0030"
02/06/2016,"3,5916","3,6010","3,6162","3,5775","-0,0022"
03/06/2016,"3,5237","3,5925","3,5955","3,5220","-0,0189"
06/06/2016,"3,4885","3,5280","3,5292","3,4845","-0,0100"
07/06/2016,"3,4410","3,4895","3,5136","3,4411","-0,0136"
08/06/2016,"3,3615","3,4421","3,4465","3,3590","-0,0231"
09/06/2016,"3,3995","3,3629","3,4057","3,3566","0,0113"
10/06/2016,"3,4175","3,3990","3,4482","3,3950","0,0053"
13/06/2016,"3,4817","3,4205","3,4884","3,4138","0,0188"
14/06/2016,"3,4802","3,4835","3,5159","3,4569","-0,0004"
15/06/2016,"3,4726","3,4808","3,5013","3,4448","-0,0022"
16/06/2016,"3,4656","3,4746","3,5112","3,4620","-0,0020"
17/06/2016,"3,4158","3,4662","3,4674","3,4149","-0,0144"
20/06/2016,"3,3934","3,4178","3,4181","3,3743","-0,0066"
21/06/2016,"3,4153","3,3945","3,4174","3,3553","0,0065"
22/06/2016,"3,3756","3,4158","3,4179","3,3674","-0,0116"
23/06/2016,"3,3376","3,3768","3,3807","3,3364","-0,0113"
24/06/2016,"3,3725","3,3379","3,4497","3,3319","0,0105"
27/06/2016,"3,3916","3,3727","3,4165","3,3663","0,0057"
28/06/2016,"3,3016","3,3920","3,3957","3,2987","-0,0265"
29/06/2016,"3,2215","3,3033","3,3096","3,2184","-0,0243"
30/06/2016,"3,2126","3,2227","3,2483","3,1824","-0,0028"
01/07/2016,"3,2348","3,2137","3,2484","3,1960","0,0069"
04/07/2016,"3,2692","3,2341","3,2711","3,2300","0,0106"
05/07/2016,"3,3019","3,2697","3,3063","3,2690","0,0100"
06/07/2016,"3,3296","3,3030","3,3442","3,2992","0,0084"
07/07/2016,"3,3668","3,3317","3,3712","3,3204","0,0112"
08/07/2016,"3,2995","3,3678","3,3691","3,2822","-0,0200"
11/07/2016,"3,3085","3,3002","3,3195","3,2917","0,0027"
12/07/2016,"3,2945","3,3108","3,3125","3,2646","-0,0042"
13/07/2016,"3,2630","3,2964","3,3085","3,2638","-0,0096"
14/07/2016,"3,2501","3,2638","3,2676","3,2168","-0,0040"
15/07/2016,"3,2808","3,2534","3,2849","3,2425","0,0094"
18/07/2016,"3,2522","3,2777","3,2845","3,2460","-0,0087"
19/07/2016,"3,2488","3,2535","3,2855","3,2484","-0,0010"
20/07/2016,"3,2588","3,2486","3,2638","3,2385","0,0031"
21/07/2016,"3,2710","3,2592","3,2890","3,2423","0,0037"
22/07/2016,"3,2563","3,2723","3,2972","3,2539","-0,0045"
25/07/2016,"3,2845","3,2568","3,2973","3,2550","0,0087"
26/07/2016,"3,2762","3,2864","3,2943","3,2650","-0,0025"
27/07/2016,"3,2633","3,2766","3,2962","3,2599","-0,0039"
28/07/2016,"3,2884","3,2633","3,2990","3,2547","0,0077"
29/07/2016,"3,2471","3,2892","3,2928","3,2274","-0,0126"
01/08/2016,"3,2644","3,2496","3,2767","3,2466","0,0053"
02/08/2016,"3,2568","3,2645","3,2726","3,2376","-0,0023"
03/08/2016,"3,2367","3,2571","3,2928","3,2367","-0,0062"
04/08/2016,"3,1935","3,2380","3,2411","3,1909","-0,0133"
05/08/2016,"3,1645","3,1935","3,1993","3,1594","-0,0091"
08/08/2016,"3,1741","3,1651","3,1903","3,1592","0,0030"
09/08/2016,"3,1448","3,1753","3,1763","3,1276","-0,0092"
10/08/2016,"3,1266","3,1457","3,1509","3,1127","-0,0058"
11/08/2016,"3,1447","3,1269","3,1548","3,1234","0,0058"
12/08/2016,"3,1917","3,1439","3,1948","3,1392","0,0149"
15/08/2016,"3,1856","3,1920","3,1939","3,1562","-0,0019"
16/08/2016,"3,2014","3,1861","3,2060","3,1556","0,0050"
17/08/2016,"3,2032","3,2024","3,2356","3,1978","0,0006"
18/08/2016,"3,2383","3,2042","3,2461","3,1995","0,0110"
19/08/2016,"3,2025","3,2392","3,2505","3,2029","-0,0111"
22/08/2016,"3,2005","3,2071","3,2276","3,1970","-0,0006"
23/08/2016,"3,2325","3,2015","3,2375","3,1842","0,0100"
24/08/2016,"3,2246","3,2340","3,2501","3,2181","-0,0024"
25/08/2016,"3,2361","3,2256","3,2423","3,2157","0,0036"
26/08/2016,"3,2641","3,2367","3,2786","3,1890","0,0087"
29/08/2016,"3,2293","3,2665","3,2908","3,2294","-0,0107"
30/08/2016,"3,2410","3,2299","3,2642","3,2179","0,0036"
31/08/2016,"3,2266","3,2412","3,2569","3,2155","-0,0044"
01/09/2016,"3,2578","3,2262","3,2640","3,2189","0,0097"
02/09/2016,"3,2555","3,2584","3,2708","3,2238","-0,0007"
05/09/2016,"3,2820","3,2573","3,2858","3,2467","0,0081"
06/09/2016,"3,1940","3,2828","3,2839","3,1941","-0,0268"
07/09/2016,"3,1915","3,1968","3,2032","3,1928","-0,0008"
08/09/2016,"3,2134","3,1930","3,2197","3,1650","0,0069"
09/09/2016,"3,2720","3,2095","3,2848","3,2093","0,0182"
12/09/2016,"3,2452","3,2732","3,3100","3,2409","-0,0082"
13/09/2016,"3,3131","3,2457","3,3336","3,2430","0,0209"
14/09/2016,"3,3420","3,3132","3,3501","3,2977","0,0087"
15/09/2016,"3,3019","3,3448","3,3678","3,2926","-0,0120"
16/09/2016,"3,2615","3,3019","3,3202","3,2602","-0,0122"
19/09/2016,"3,2725","3,2625","3,2787","3,2516","0,0034"
20/09/2016,"3,2576","3,2728","3,2756","3,2451","-0,0046"
21/09/2016,"3,2056","3,2589","3,2605","3,2051","-0,0160"
22/09/2016,"3,2199","3,2070","3,2285","3,1809","0,0045"
23/09/2016,"3,2438","3,2211","3,2518","3,2016","0,0074"
26/09/2016,"3,2392","3,2451","3,2531","3,2236","-0,0014"
27/09/2016,"3,2335","3,2398","3,2482","3,2185","-0,0018"
28/09/2016,"3,2157","3,2352","3,2555","3,2126","-0,0055"
29/09/2016,"3,2580","3,2183","3,2702","3,2137","0,0132"
30/09/2016,"3,2589","3,2592","3,2630","3,2297","0,0003"
03/10/2016,"3,2090","3,2631","3,2640","3,1980","-0,0153"
04/10/2016,"3,2563","3,2094","3,2615","3,2062","0,0147"
05/10/2016,"3,2191","3,2579","3,2615","3,2170","-0,0114"
06/10/2016,"3,2295","3,2202","3,2445","3,2173","0,0032"
07/10/2016,"3,2190","3,2283","3,2419","3,1912","-0,0033"
10/10/2016,"3,2050","3,2227","3,2238","3,1975","-0,0043"
11/10/2016,"3,1946","3,2066","3,2268","3,1939","-0,0032"
12/10/2016,"3,2010","3,1965","3,2047","3,1948","0,0020"
13/10/2016,"3,1770","3,2026","3,2188","3,1760","-0,0075"
14/10/2016,"3,2036","3,1780","3,2081","3,1639","0,0084"
17/10/2016,"3,2007","3,2066","3,2168","3,1885","-0,0009"
18/10/2016,"3,1873","3,2023","3,2068","3,1738","-0,0042"
19/10/2016,"3,1682","3,1878","3,1980","3,1636","-0,0060"
20/10/2016,"3,1418","3,1699","3,1737","3,1340","-0,0083"
21/10/2016,"3,1496","3,1433","3,1691","3,1370","0,0025"
24/10/2016,"3,1231","3,1515","3,1540","3,1140","-0,0084"
25/10/2016,"3,1136","3,1243","3,1373","3,1017","-0,0030"
26/10/2016,"3,1394","3,1142","3,1534","3,1110","0,0083"
27/10/2016,"3,1686","3,1409","3,1740","3,1276","0,0093"
28/10/2016,"3,2050","3,1707","3,2072","3,1573","0,0115"
31/10/2016,"3,1878","3,2045","3,2065","3,1628","-0,0054"
01/11/2016,"3,2355","3,1891","3,2550","3,1777","0,0150"
02/11/2016,"3,2344","3,2367","3,2425","3,2355","-0,0003"
03/11/2016,"3,2410","3,2358","3,2565","3,2198","0,0020"
04/11/2016,"3,2322","3,2423","3,2640","3,2162","-0,0027"
07/11/2016,"3,2005","3,2348","3,2366","3,1876","-0,0098"
08/11/2016,"3,1680","3,2012","3,2153","3,1621","-0,0102"
09/11/2016,"3,2157","3,1695","3,2493","3,1650","0,0151"
10/11/2016,"3,3849","3,2186","3,3963","3,2088","0,0526"
11/11/2016,"3,3900","3,3889","3,5080","3,3706","0,0015"
14/11/2016,"3,4316","3,3932","3,4746","3,3893","0,0123"
15/11/2016,"3,4389","3,4331","3,4457","3,4320","0,0021"
16/11/2016,"3,4190","3,4405","3,4457","3,4027","-0,0058"
17/11/2016,"3,4178","3,4200","3,4531","3,3867","-0,0004"
18/11/2016,"3,3825","3,4181","3,4429","3,3716","-0,0103"
21/11/2016,"3,3511","3,3838","3,3847","3,3399","-0,0093"
22/11/2016,"3,3540","3,3527","3,3913","3,3277","0,0009"
23/11/2016,"3,3930","3,3546","3,4204","3,3524","0,0116"
24/11/2016,"3,3905","3,3944","3,4379","3,3822","-0,0007"
25/11/2016,"3,4208","3,3917","3,4683","3,3909","0,0089"
28/11/2016,"3,3844","3,4225","3,4237","3,3815","-0,0106"
29/11/2016,"3,3975","3,3857","3,4144","3,3793","0,0039"
30/11/2016,"3,3827","3,3998","3,4574","3,3756","-0,0044"
01/12/2016,"3,4703","3,3854","3,4802","3,3815","0,0259"
02/12/2016,"3,4750","3,4720","3,4927","3,4443","0,0014"
05/12/2016,"3,4201","3,4755","3,4813","3,4175","-0,0158"
06/12/2016,"3,4075","3,4218","3,4669","3,3940","-0,0037"
07/12/2016,"3,3825","3,4080","3,4205","3,3767","-0,0073"
08/12/2016,"3,3750","3,3830","3,4181","3,3698","-0,0022"
09/12/2016,"3,3770","3,3755","3,4117","3,3517","0,0006"
12/12/2016,"3,3380","3,3785","3,4085","3,3355","-0,0115"
13/12/2016,"3,3345","3,3388","3,3653","3,3172","-0,0010"
14/12/2016,"3,3690","3,3362","3,3728","3,3017","0,0103"
15/12/2016,"3,3690","3,3705","3,4087","3,3626","0,0000"
16/12/2016,"3,3915","3,3720","3,4125","3,3426","0,0067"
19/12/2016,"3,3645","3,3920","3,4038","3,3605","-0,0080"
20/12/2016,"3,3536","3,3650","3,3786","3,3399","-0,0032"
21/12/2016,"3,3265","3,3590","3,3590","3,3217","-0,0081"
22/12/2016,"3,2865","3,3280","3,3481","3,2860","-0,0120"
23/12/2016,"3,2705","3,2875","3,2931","3,2578","-0,0049"
26/12/2016,"3,2760","3,2710","3,2859","3,2638","0,0017"
27/12/2016,"3,2697","3,2770","3,2905","3,2676","-0,0019"
28/12/2016,"3,2840","3,2712","3,2963","3,2629","0,0044"
29/12/2016,"3,2532","3,2820","3,2825","3,2408","-0,0094"
30/12/2016,"3,2532","3,2532","3,2532","3,2532","0,0000"
02/01/2017,"3,2851","3,2547","3,2891","3,2520","0,0098"
03/01/2017,"3,2644","3,2817","3,2926","3,2464","-0,0063"
04/01/2017,"3,2160","3,2523","3,2523","3,2104","-0,0148"
05/01/2017,"3,1988","3,2163","3,2298","3,1932","-0,0053"
06/01/2017,"3,2239","3,1980","3,2245","3,1876","0,0078"
09/01/2017,"3,1967","3,2245","3,2319","3,1898","-0,0084"
10/01/2017,"3,1955","3,1961","3,2018","3,1809","-0,0004"
11/01/2017,"3,1965","3,1955","3,2306","3,1772","0,0003"
12/01/2017,"3,1878","3,1975","3,2001","3,1526","-0,0027"
13/01/2017,"3,2205","3,1881","3,2241","3,1795","0,0103"
16/01/2017,"3,2415","3,2246","3,2449","3,2169","0,0065"
17/01/2017,"3,2113","3,2418","3,2418","3,1961","-0,0093"
18/01/2017,"3,2307","3,2149","3,2321","3,2134","0,0060"
19/01/2017,"3,1960","3,2315","3,2350","3,1930","-0,0107"
20/01/2017,"3,1685","3,2002","3,2047","3,1690","-0,0086"
23/01/2017,"3,1628","3,1690","3,1837","3,1537","-0,0018"
24/01/2017,"3,1697","3,1625","3,1755","3,1581","0,0022"
25/01/2017,"3,1697","3,1697","3,1697","3,1697","0,0000"
26/01/2017,"3,1775","3,1702","3,1947","3,1613","0,0025"
27/01/2017,"3,1400","3,1780","3,1823","3,1391","-0,0118"
30/01/2017,"3,1255","3,1396","3,1534","3,1128","-0,0046"
31/01/2017,"3,1507","3,1270","3,1569","3,1016","0,0081"
01/02/2017,"3,1285","3,1515","3,1634","3,1270","-0,0070"
02/02/2017,"3,1235","3,1295","3,1304","3,1075","-0,0016"
03/02/2017,"3,1174","3,1240","3,1393","3,1045","-0,0020"
06/02/2017,"3,1155","3,1190","3,1278","3,1048","-0,0006"
07/02/2017,"3,1200","3,1160","3,1373","3,1154","0,0014"
08/02/2017,"3,1170","3,1205","3,1302","3,1125","-0,0010"
09/02/2017,"3,1299","3,1175","3,1338","3,1135","0,0041"
10/02/2017,"3,1145","3,1302","3,1310","3,1052","-0,0049"
13/02/2017,"3,1110","3,1138","3,1239","3,1075","-0,0011"
14/02/2017,"3,0840","3,1115","3,1278","3,0822","-0,0087"
15/02/2017,"3,0565","3,0850","3,0961","3,0538","-0,0089"
16/02/2017,"3,0889","3,0575","3,0909","3,0387","0,0106"
17/02/2017,"3,1035","3,0860","3,1091","3,0787","0,0047"
20/02/2017,"3,0860","3,1010","3,1067","3,0824","-0,0056"
21/02/2017,"3,0949","3,0870","3,1089","3,0853","0,0029"
22/02/2017,"3,0630","3,0955","3,0980","3,0597","-0,0103"
23/02/2017,"3,0590","3,0640","3,0797","3,0517","-0,0013"
24/02/2017,"3,1100","3,0617","3,1190","3,0595","0,0167"
27/02/2017,"3,1085","3,1110","3,1110","3,1088","-0,0005"
28/02/2017,"3,1086","3,1090","3,1091","3,1090","0,0000"
01/03/2017,"3,0890","3,1095","3,1234","3,0896","-0,0063"
02/03/2017,"3,1560","3,0900","3,1589","3,0900","0,0217"
03/03/2017,"3,1143","3,1566","3,1626","3,1109","-0,0132"
06/03/2017,"3,1383","3,1158","3,1395","3,1002","0,0077"
07/03/2017,"3,1187","3,1386","3,1405","3,1114","-0,0062"
08/03/2017,"3,1624","3,1197","3,1814","3,1194","0,0140"
09/03/2017,"3,1929","3,1631","3,1986","3,1601","0,0096"
10/03/2017,"3,1380","3,1929","3,1954","3,1381","-0,0172"
13/03/2017,"3,1523","3,1395","3,1607","3,1289","0,0046"
14/03/2017,"3,1683","3,1528","3,1827","3,1502","0,0051"
15/03/2017,"3,1033","3,1683","3,1780","3,0974","-0,0205"
16/03/2017,"3,1180","3,1030","3,1232","3,0924","0,0047"
17/03/2017,"3,0911","3,1187","3,1279","3,0873","-0,0086"
20/03/2017,"3,0720","3,0918","3,1162","3,0673","-0,0062"
21/03/2017,"3,0878","3,0724","3,0948","3,0597","0,0051"
22/03/2017,"3,0870","3,0885","3,1099","3,0801","-0,0003"
23/03/2017,"3,1383","3,0875","3,1449","3,0862","0,0166"
24/03/2017,"3,1073","3,1397","3,1506","3,1041","-0,0099"
27/03/2017,"3,1256","3,1078","3,1399","3,1075","0,0059"
28/03/2017,"3,1398","3,1265","3,1452","3,1224","0,0045"
29/03/2017,"3,1193","3,1412","3,1422","3,1121","-0,0065"
30/03/2017,"3,1483","3,1200","3,1524","3,1167","0,0093"
31/03/2017,"3,1230","3,1491","3,1788","3,1216","-0,0080"
03/04/2017,"3,1138","3,1233","3,1349","3,1093","-0,0029"
04/04/2017,"3,0927","3,1147","3,1407","3,0918","-0,0068"
05/04/2017,"3,1192","3,0930","3,1254","3,0800","0,0086"
06/04/2017,"3,1420","3,1203","3,1515","3,1060","0,0073"
07/04/2017,"3,1457","3,1427","3,1592","3,1184","0,0012"
10/04/2017,"3,1311","3,1462","3,1502","3,1297","-0,0046"
11/04/2017,"3,1360","3,1320","3,1554","3,1248","0,0016"
12/04/2017,"3,1251","3,1378","3,1594","3,1198","-0,0035"
13/04/2017,"3,1437","3,1258","3,1495","3,1144","0,0060"
14/04/2017,"3,1440","3,1441","3,1453","3,1425","0,0001"
17/04/2017,"3,0979","3,1448","3,1480","3,0932","-0,0147"
18/04/2017,"3,1072","3,0983","3,1237","3,0876","0,0030"
19/04/2017,"3,1514","3,1077","3,1543","3,1074","0,0142"
20/04/2017,"3,1483","3,1518","3,1707","3,1324","-0,0010"
21/04/2017,"3,1475","3,1485","3,1490","3,1479","-0,0003"
24/04/2017,"3,1271","3,1500","3,1500","3,1177","-0,0065"
25/04/2017,"3,1459","3,1280","3,1703","3,1265","0,0060"
26/04/2017,"3,1710","3,1471","3,2076","3,1429","0,0080"
27/04/2017,"3,1832","3,1728","3,1890","3,1550","0,0038"
28/04/2017,"3,1758","3,1833","3,2146","3,1697","-0,0023"
01/05/2017,"3,1755","3,1748","3,1769","3,1762","-0,0001"
02/05/2017,"3,1514","3,1765","3,1962","3,1462","-0,0076"
03/05/2017,"3,1644","3,1515","3,1679","3,1407","0,0041"
04/05/2017,"3,1880","3,1661","3,1956","3,1609","0,0075"
05/05/2017,"3,1762","3,1895","3,1962","3,1675","-0,0037"
08/05/2017,"3,1970","3,1750","3,2070","3,1750","0,0065"
09/05/2017,"3,1896","3,1994","3,1997","3,1783","-0,0023"
10/05/2017,"3,1666","3,1905","3,1909","3,1514","-0,0072"
11/05/2017,"3,1399","3,1681","3,1685","3,1369","-0,0084"
12/05/2017,"3,1209","3,1374","3,1506","3,1161","-0,0061"
15/05/2017,"3,1105","3,1228","3,1260","3,0957","-0,0033"
16/05/2017,"3,0961","3,1110","3,1113","3,0873","-0,0046"
17/05/2017,"3,1378","3,0956","3,1411","3,0952","0,0135"
18/05/2017,"3,3665","3,1371","3,4246","3,1349","0,0729"
19/05/2017,"3,2527","3,3708","3,3736","3,2419","-0,0338"
22/05/2017,"3,2653","3,2533","3,3192","3,2526","0,0039"
23/05/2017,"3,2700","3,2668","3,2897","3,2548","0,0014"
24/05/2017,"3,2774","3,2695","3,2880","3,2477","0,0023"
25/05/2017,"3,2729","3,2770","3,2990","3,2613","-0,0014"
26/05/2017,"3,2598","3,2749","3,2767","3,2518","-0,0040"
29/05/2017,"3,2560","3,2659","3,2768","3,2564","-0,0012"
30/05/2017,"3,2572","3,2567","3,2722","3,2542","0,0004"
31/05/2017,"3,2262","3,2580","3,2600","3,2245","-0,0095"
01/06/2017,"3,2495","3,2266","3,2549","3,2146","0,0072"
02/06/2017,"3,2472","3,2506","3,2591","3,2199","-0,0007"
05/06/2017,"3,2967","3,2464","3,2977","3,2464","0,0152"
06/06/2017,"3,2772","3,2970","3,3020","3,2725","-0,0059"
07/06/2017,"3,2685","3,2777","3,2866","3,2647","-0,0027"
08/06/2017,"3,2607","3,2695","3,2893","3,2610","-0,0024"
09/06/2017,"3,2959","3,2618","3,2986","3,2553","0,0108"
12/06/2017,"3,3179","3,2971","3,3271","3,2748","0,0067"
13/06/2017,"3,3145","3,3182","3,3338","3,2968","-0,0010"
14/06/2017,"3,2739","3,3155","3,3164","3,2639","-0,0122"
15/06/2017,"3,2740","3,2736","3,2751","3,2736","0,0000"
16/06/2017,"3,2925","3,2898","3,2971","3,2781","0,0057"
19/06/2017,"3,2824","3,2901","3,3148","3,2801","-0,0031"
20/06/2017,"3,3264","3,2825","3,3438","3,2825","0,0134"
21/06/2017,"3,3360","3,3270","3,3378","3,3143","0,0029"
22/06/2017,"3,3415","3,3350","3,3498","3,3221","0,0016"
23/06/2017,"3,3427","3,3415","3,3445","3,3261","0,0004"
26/06/2017,"3,2961","3,3444","3,3444","3,2951","-0,0139"
27/06/2017,"3,3125","3,2975","3,3343","3,2964","0,0050"
28/06/2017,"3,2795","3,3135","3,3147","3,2784","-0,0100"
29/06/2017,"3,3033","3,2808","3,3147","3,2704","0,0073"
30/06/2017,"3,3063","3,3043","3,3166","3,2860","0,0009"
03/07/2017,"3,3003","3,3190","3,3240","3,2931","-0,0018"
04/07/2017,"3,3090","3,3021","3,3110","3,2985","0,0026"
05/07/2017,"3,2883","3,3098","3,3310","3,2887","-0,0063"
06/07/2017,"3,2959","3,2889","3,3213","3,2883","0,0023"
07/07/2017,"3,2803","3,2987","3,3064","3,2675","-0,0047"
10/07/2017,"3,2548","3,2800","3,2814","3,2546","-0,0078"
11/07/2017,"3,2542","3,2557","3,2697","3,2461","-0,0002"
12/07/2017,"3,2072","3,2546","3,2548","3,2049","-0,0144"
13/07/2017,"3,2134","3,2086","3,2219","3,2024","0,0019"
14/07/2017,"3,1794","3,2123","3,2123","3,1781","-0,0106"
17/07/2017,"3,1828","3,1805","3,1880","3,1760","0,0011"
18/07/2017,"3,1542","3,1834","3,1842","3,1533","-0,0090"
19/07/2017,"3,1486","3,1559","3,1641","3,1445","-0,0018"
20/07/2017,"3,1206","3,1492","3,1564","3,1186","-0,0089"
21/07/2017,"3,1416","3,1203","3,1457","3,1102","0,0067"
24/07/2017,"3,1455","3,1400","3,1529","3,1330","0,0012"
25/07/2017,"3,1722","3,1472","3,1737","3,1364","0,0085"
26/07/2017,"3,1385","3,1729","3,1775","3,1352","-0,0106"
27/07/2017,"3,1524","3,1384","3,1598","3,1384","0,0044"
28/07/2017,"3,1316","3,1530","3,1603","3,1289","-0,0066"
31/07/2017,"3,1259","3,1330","3,1444","3,1139","-0,0018"
01/08/2017,"3,1254","3,1270","3,1307","3,1074","-0,0002"
02/08/2017,"3,1131","3,1264","3,1383","3,1128","-0,0039"
03/08/2017,"3,1123","3,1134","3,1274","3,1101","-0,0003"
04/08/2017,"3,1305","3,1125","3,1334","3,1078","0,0058"
07/08/2017,"3,1261","3,1316","3,1348","3,1205","-0,0014"
08/08/2017,"3,1266","3,1265","3,1385","3,1190","0,0002"
09/08/2017,"3,1556","3,1272","3,1590","3,1266","0,0093"
10/08/2017,"3,1754","3,1557","3,1787","3,1469","0,0063"
11/08/2017,"3,1934","3,1755","3,2207","3,1551","0,0057"
14/08/2017,"3,1885","3,1761","3,2060","3,1733","-0,0015"
15/08/2017,"3,1692","3,1892","3,2062","3,1658","-0,0061"
16/08/2017,"3,1518","3,1690","3,1782","3,1453","-0,0055"
17/08/2017,"3,1741","3,1527","3,1819","3,1521","0,0071"
18/08/2017,"3,1462","3,1749","3,1763","3,1405","-0,0088"
21/08/2017,"3,1642","3,1493","3,1726","3,1364","0,0057"
22/08/2017,"3,1602","3,1643","3,1908","3,1461","-0,0013"
23/08/2017,"3,1405","3,1612","3,1705","3,1337","-0,0062"
24/08/2017,"3,1473","3,1412","3,1506","3,1328","0,0022"
25/08/2017,"3,1595","3,1481","3,1629","3,1353","0,0039"
28/08/2017,"3,1664","3,1587","3,1675","3,1482","0,0022"
29/08/2017,"3,1644","3,1673","3,1767","3,1581","-0,0006"
30/08/2017,"3,1596","3,1652","3,1764","3,1556","-0,0015"
31/08/2017,"3,1474","3,1601","3,1702","3,1372","-0,0039"
01/09/2017,"3,1409","3,1472","3,1486","3,1224","-0,0021"
04/09/2017,"3,1412","3,1410","3,1452","3,1327","0,0001"
05/09/2017,"3,1163","3,1410","3,1418","3,1116","-0,0079"
06/09/2017,"3,0996","3,1169","3,1210","3,0984","-0,0054"
07/09/2017,"3,0985","3,0998","3,0998","3,0988","-0,0004"
08/09/2017,"3,0865","3,0855","3,0998","3,0820","-0,0039"
11/09/2017,"3,1023","3,0905","3,1082","3,0790","0,0051"
12/09/2017,"3,1245","3,1028","3,1385","3,1026","0,0072"
13/09/2017,"3,1349","3,1252","3,1446","3,1224","0,0033"
14/09/2017,"3,1179","3,1350","3,1504","3,1122","-0,0054"
15/09/2017,"3,1079","3,1195","3,1325","3,1083","-0,0032"
18/09/2017,"3,1360","3,1108","3,1384","3,1080","0,0090"
19/09/2017,"3,1346","3,1361","3,1403","3,1248","-0,0004"
20/09/2017,"3,1320","3,1355","3,1396","3,1136","-0,0008"
21/09/2017,"3,1369","3,1327","3,1470","3,1253","0,0016"
22/09/2017,"3,1243","3,1377","3,1390","3,1220","-0,0040"
25/09/2017,"3,1593","3,1324","3,1618","3,1260","0,0112"
26/09/2017,"3,1661","3,1591","3,1752","3,1524","0,0022"
27/09/2017,"3,1929","3,1670","3,1986","3,1665","0,0085"
28/09/2017,"3,1822","3,1933","3,2004","3,1772","-0,0034"
29/09/2017,"3,1614","3,1823","3,1907","3,1562","-0,0065"
02/10/2017,"3,1538","3,1641","3,1787","3,1512","-0,0024"
03/10/2017,"3,1425","3,1546","3,1657","3,1412","-0,0036"
04/10/2017,"3,1349","3,1456","3,1456","3,1220","-0,0024"
05/10/2017,"3,1539","3,1316","3,1563","3,1241","0,0061"
06/10/2017,"3,1558","3,1547","3,1784","3,1496","0,0006"
09/10/2017,"3,1882","3,1558","3,1898","3,1553","0,0103"
10/10/2017,"3,1791","3,1887","3,1891","3,1618","-0,0029"
11/10/2017,"3,1722","3,1797","3,1799","3,1600","-0,0022"
12/10/2017,"3,1695","3,1717","3,1726","3,1702","-0,0009"
13/10/2017,"3,1447","3,1725","3,1802","3,1439","-0,0078"
16/10/2017,"3,1707","3,1450","3,1738","3,1437","0,0083"
17/10/2017,"3,1575","3,1712","3,1838","3,1579","-0,0042"
18/10/2017,"3,1706","3,1578","3,1817","3,1556","0,0041"
19/10/2017,"3,1663","3,1715","3,1793","3,1624","-0,0014"
20/10/2017,"3,1923","3,1671","3,1980","3,1665","0,0082"
23/10/2017,"3,2376","3,1929","3,2390","3,1895","0,0142"
24/10/2017,"3,2432","3,2388","3,2680","3,2240","0,0017"
25/10/2017,"3,2329","3,2440","3,2601","3,2286","-0,0032"
26/10/2017,"3,2903","3,2330","3,2979","3,2287","0,0178"
27/10/2017,"3,2360","3,2900","3,3031","3,2344","-0,0165"
30/10/2017,"3,2888","3,2367","3,2893","3,2347","0,0163"
31/10/2017,"3,2724","3,2888","3,3019","3,2644","-0,0050"
01/11/2017,"3,2673","3,2728","3,2928","3,2567","-0,0016"
02/11/2017,"3,2670","3,2674","3,2682","3,2672","-0,0001"
03/11/2017,"3,3142","3,2668","3,3355","3,2485","0,0144"
06/11/2017,"3,2494","3,3144","3,3144","3,2478","-0,0196"
07/11/2017,"3,2713","3,2495","3,2888","3,2495","0,0067"
08/11/2017,"3,2547","3,2723","3,2723","3,2403","-0,0051"
09/11/2017,"3,2520","3,2548","3,2671","3,2363","-0,0008"
10/11/2017,"3,2778","3,2529","3,2845","3,2507","0,0079"
13/11/2017,"3,2793","3,2823","3,3010","3,2762","0,0005"
14/11/2017,"3,3127","3,2803","3,3180","3,2666","0,0102"
15/11/2017,"3,3132","3,3133","3,3133","3,3133","0,0002"
16/11/2017,"3,2739","3,3132","3,3133","3,2683","-0,0119"
17/11/2017,"3,2573","3,2726","3,2888","3,2548","-0,0051"
20/11/2017,"3,2572","3,2574","3,2574","3,2573","0,0000"
21/11/2017,"3,2587","3,2593","3,2665","3,2392","0,0005"
22/11/2017,"3,2242","3,2569","3,2653","3,2215","-0,0106"
23/11/2017,"3,2218","3,2243","3,2432","3,2188","-0,0007"
24/11/2017,"3,2329","3,2218","3,2365","3,2215","0,0034"
27/11/2017,"3,2277","3,2330","3,2338","3,2135","-0,0016"
28/11/2017,"3,2127","3,2325","3,2327","3,2019","-0,0046"
29/11/2017,"3,2460","3,2132","3,2476","3,2005","0,0104"
30/11/2017,"3,2726","3,2465","3,2887","3,2357","0,0082"
01/12/2017,"3,2580","3,2727","3,2853","3,2482","-0,0045"
04/12/2017,"3,2441","3,2581","3,2628","3,2422","-0,0043"
05/12/2017,"3,2414","3,2459","3,2470","3,2199","-0,0008"
06/12/2017,"3,2356","3,2415","3,2499","3,2250","-0,0018"
07/12/2017,"3,2906","3,2480","3,3188","3,2472","0,0170"
08/12/2017,"3,2918","3,2771","3,3112","3,2653","0,0004"
11/12/2017,"3,3047","3,2912","3,3063","3,2729","0,0039"
12/12/2017,"3,3064","3,3055","3,3340","3,2973","0,0005"
13/12/2017,"3,3099","3,3070","3,3325","3,2880","0,0011"
14/12/2017,"3,3418","3,3239","3,3483","3,3104","0,0096"
15/12/2017,"3,2946","3,3343","3,3379","3,2945","-0,0141"
18/12/2017,"3,2922","3,2949","3,3015","3,2784","-0,0007"
19/12/2017,"3,2899","3,2923","3,3084","3,2821","-0,0007"
20/12/2017,"3,2977","3,2910","3,3011","3,2812","0,0024"
21/12/2017,"3,3083","3,2978","3,3177","3,2908","0,0032"
22/12/2017,"3,3369","3,3101","3,3404","3,3037","0,0086"
25/12/2017,"3,3369","3,3369","3,3369","3,3369","0,0000"
26/12/2017,"3,3110","3,3376","3,3376","3,3067","-0,0078"
27/12/2017,"3,3149","3,3106","3,3223","3,2920","0,0012"
28/12/2017,"3,3121","3,3150","3,3178","3,2950","-0,0008"
29/12/2017,"3,3121","3,3121","3,3121","3,3121","0,0000"
01/01/2018,"3,3121","3,3121","3,3121","3,3121","0,0000"
02/01/2018,"3,2588","3,3136","3,3136","3,2571","-0,0161"
03/01/2018,"3,2369","3,2590","3,2682","3,2322","-0,0067"
04/01/2018,"3,2344","3,2372","3,2431","3,2218","-0,0008"
05/01/2018,"3,2288","3,2347","3,2497","3,2263","-0,0017"
08/01/2018,"3,2406","3,2291","3,2453","3,2237","0,0037"
09/01/2018,"3,2482","3,2413","3,2558","3,2295","0,0023"
10/01/2018,"3,2280","3,2518","3,2560","3,2255","-0,0062"
11/01/2018,"3,2154","3,2283","3,2406","3,2120","-0,0039"
12/01/2018,"3,2063","3,2161","3,2310","3,1994","-0,0028"
15/01/2018,"3,2162","3,2061","3,2213","3,1918","0,0031"
16/01/2018,"3,2242","3,2168","3,2381","3,2118","0,0025"
17/01/2018,"3,2237","3,2266","3,2390","3,2117","-0,0002"
18/01/2018,"3,2064","3,2240","3,2251","3,2015","-0,0054"
19/01/2018,"3,1961","3,2082","3,2154","3,1940","-0,0032"
22/01/2018,"3,2020","3,1967","3,2115","3,1820","0,0018"
23/01/2018,"3,2369","3,2038","3,2446","3,2019","0,0109"
24/01/2018,"3,1464","3,2375","3,2400","3,1348","-0,0280"
25/01/2018,"3,1470","3,1459","3,1485","3,1459","0,0002"
26/01/2018,"3,1509","3,1481","3,1565","3,1197","0,0012"
29/01/2018,"3,1549","3,1534","3,1723","3,1534","0,0013"
30/01/2018,"3,1811","3,1550","3,1954","3,1482","0,0083"
31/01/2018,"3,1858","3,1839","3,1955","3,1459","0,0015"
01/02/2018,"3,1668","3,1853","3,1969","3,1617","-0,0060"
02/02/2018,"3,2180","3,1671","3,2237","3,1671","0,0162"
05/02/2018,"3,2624","3,2185","3,2659","3,2137","0,0138"
06/02/2018,"3,2347","3,2628","3,2787","3,2323","-0,0085"
07/02/2018,"3,2713","3,2480","3,2839","3,2376","0,0113"
08/02/2018,"3,2857","3,2714","3,3034","3,2561","0,0044"
09/02/2018,"3,2939","3,2858","3,3189","3,2673","0,0025"
12/02/2018,"3,2949","3,2957","3,2957","3,2954","0,0003"
13/02/2018,"3,2947","3,2957","3,2957","3,2957","-0,0001"
14/02/2018,"3,2172","3,2928","3,2974","3,2160","-0,0235"
15/02/2018,"3,2274","3,2195","3,2413","3,1982","0,0032"
16/02/2018,"3,2310","3,2322","3,2481","3,2023","0,0011"
19/02/2018,"3,2339","3,2315","3,2383","3,2218","0,0009"
20/02/2018,"3,2554","3,2339","3,2615","3,2339","0,0066"
21/02/2018,"3,2682","3,2565","3,2727","3,2419","0,0039"
22/02/2018,"3,2497","3,2692","3,2737","3,2419","-0,0057"
23/02/2018,"3,2374","3,2502","3,2512","3,2322","-0,0038"
26/02/2018,"3,2253","3,2379","3,2427","3,2222","-0,0037"
27/02/2018,"3,2512","3,2240","3,2556","3,2219","0,0080"
28/02/2018,"3,2458","3,2516","3,2537","3,2350","-0,0017"
01/03/2018,"3,2511","3,2462","3,2717","3,2383","0,0016"
02/03/2018,"3,2523","3,2515","3,2672","3,2480","0,0004"
05/03/2018,"3,2425","3,2528","3,2640","3,2415","-0,0030"
06/03/2018,"3,2112","3,2430","3,2435","3,2057","-0,0097"
07/03/2018,"3,2449","3,2117","3,2488","3,2095","0,0105"
08/03/2018,"3,2664","3,2444","3,2699","3,2392","0,0066"
09/03/2018,"3,2548","3,2669","3,2710","3,2390","-0,0036"
12/03/2018,"3,2610","3,2553","3,2679","3,2499","0,0019"
13/03/2018,"3,2602","3,2619","3,2657","3,2374","-0,0002"
14/03/2018,"3,2598","3,2610","3,2676","3,2462","-0,0001"
15/03/2018,"3,2849","3,2618","3,2977","3,2602","0,0077"
16/03/2018,"3,2807","3,2863","3,2997","3,2720","-0,0013"
19/03/2018,"3,2853","3,2786","3,2965","3,2786","0,0014"
20/03/2018,"3,3114","3,2857","3,3123","3,2793","0,0079"
21/03/2018,"3,2717","3,3120","3,3125","3,2638","-0,0120"
22/03/2018,"3,3152","3,2728","3,3176","3,2713","0,0133"
23/03/2018,"3,3119","3,3155","3,3194","3,2935","-0,0010"
26/03/2018,"3,3113","3,3141","3,3149","3,2926","-0,0002"
27/03/2018,"3,3278","3,3119","3,3367","3,3092","0,0050"
28/03/2018,"3,3195","3,3288","3,3467","3,3191","-0,0025"
29/03/2018,"3,3054","3,3218","3,3294","3,2926","-0,0042"
30/03/2018,"3,3046","3,3043","3,3051","3,3041","-0,0002"
02/04/2018,"3,3099","3,3045","3,3247","3,2970","0,0016"
03/04/2018,"3,3412","3,3109","3,3447","3,3034","0,0095"
04/04/2018,"3,3290","3,3410","3,3685","3,3268","-0,0037"
05/04/2018,"3,3439","3,3309","3,3497","3,2954","0,0045"
06/04/2018,"3,3689","3,3445","3,3808","3,3417","0,0075"
09/04/2018,"3,4187","3,3690","3,4239","3,3632","0,0148"
10/04/2018,"3,4087","3,4218","3,4362","3,4005","-0,0029"
11/04/2018,"3,3734","3,4058","3,4240","3,3720","-0,0104"
12/04/2018,"3,4124","3,3747","3,4201","3,3647","0,0116"
13/04/2018,"3,4220","3,4125","3,4309","3,3965","0,0028"
16/04/2018,"3,4191","3,4255","3,4362","3,4057","-0,0008"
17/04/2018,"3,4071","3,4217","3,4218","3,3882","-0,0035"
18/04/2018,"3,3802","3,4080","3,4098","3,3732","-0,0079"
19/04/2018,"3,3875","3,3805","3,4102","3,3795","0,0022"
20/04/2018,"3,4124","3,3845","3,4185","3,3839","0,0074"
23/04/2018,"3,4521","3,4137","3,4539","3,4137","0,0116"
24/04/2018,"3,4709","3,4528","3,4814","3,4356","0,0054"
25/04/2018,"3,4843","3,4738","3,5159","3,4710","0,0039"
26/04/2018,"3,4745","3,4850","3,5084","3,4741","-0,0028"
27/04/2018,"3,4559","3,4756","3,4813","3,4529","-0,0054"
30/04/2018,"3,5066","3,4574","3,5092","3,4574","0,0147"
01/05/2018,"3,5071","3,5075","3,5077","3,5072","0,0001"
02/05/2018,"3,5513","3,5074","3,5549","3,5074","0,0126"
03/05/2018,"3,5276","3,5507","3,5676","3,5204","-0,0067"
04/05/2018,"3,5291","3,5271","3,5489","3,5134","0,0004"
07/05/2018,"3,5524","3,5307","3,5593","3,5307","0,0066"
08/05/2018,"3,5632","3,5515","3,5943","3,5507","0,0030"
09/05/2018,"3,5918","3,5636","3,6103","3,5589","0,0080"
10/05/2018,"3,5496","3,5943","3,5950","3,5424","-0,0117"
11/05/2018,"3,5991","3,5500","3,6127","3,5434","0,0139"
14/05/2018,"3,6221","3,5992","3,6409","3,5726","0,0064"
15/05/2018,"3,6530","3,6237","3,6938","3,6220","0,0085"
16/05/2018,"3,6754","3,6537","3,6957","3,6527","0,0061"
17/05/2018,"3,6960","3,6745","3,7135","3,6438","0,0056"
18/05/2018,"3,7360","3,6969","3,7769","3,6938","0,0108"
21/05/2018,"3,6769","3,7383","3,7389","3,6710","-0,0158"
22/05/2018,"3,6441","3,6770","3,6783","3,6263","-0,0089"
23/05/2018,"3,6279","3,6448","3,6794","3,6160","-0,0044"
24/05/2018,"3,6491","3,6274","3,6565","3,6273","0,0058"
25/05/2018,"3,6514","3,6463","3,6787","3,6419","0,0006"
28/05/2018,"3,7341","3,6512","3,7458","3,6510","0,0226"
29/05/2018,"3,7252","3,7355","3,7706","3,7120","-0,0024"
30/05/2018,"3,7240","3,7256","3,7681","3,6803","-0,0003"
31/05/2018,"3,7225","3,7242","3,7263","3,7233","-0,0004"
01/06/2018,"3,7630","3,7248","3,7707","3,7208","0,0109"
04/06/2018,"3,7462","3,7662","3,7670","3,7260","-0,0045"
05/06/2018,"3,8060","3,7452","3,8175","3,7449","0,0160"
06/06/2018,"3,8477","3,8084","3,8549","3,8039","0,0110"
07/06/2018,"3,9065","3,8488","3,9679","3,8455","0,0153"
08/06/2018,"3,7091","3,9031","3,9070","3,6930","-0,0505"
11/06/2018,"3,7087","3,7092","3,7303","3,6710","-0,0001"
12/06/2018,"3,7174","3,7070","3,7296","3,6677","0,0023"
13/06/2018,"3,7195","3,7185","3,7386","3,6846","0,0006"
14/06/2018,"3,8052","3,7206","3,8158","3,6861","0,0230"
15/06/2018,"3,7294","3,8061","3,8063","3,7152","-0,0199"
18/06/2018,"3,7460","3,7301","3,7658","3,7275","0,0045"
19/06/2018,"3,7461","3,7470","3,7856","3,7173","0,0000"
20/06/2018,"3,7712","3,7453","3,7873","3,7060","0,0067"
21/06/2018,"3,7676","3,7691","3,8042","3,7527","-0,0010"
22/06/2018,"3,7852","3,7693","3,7892","3,7350","0,0047"
25/06/2018,"3,7753","3,7877","3,7878","3,7610","-0,0026"
26/06/2018,"3,8011","3,7745","3,8032","3,7615","0,0068"
27/06/2018,"3,8625","3,7993","3,8775","3,7909","0,0162"
28/06/2018,"3,8612","3,8612","3,8778","3,8343","-0,0003"
29/06/2018,"3,8765","3,8581","3,8803","3,8288","0,0040"
02/07/2018,"3,9117","3,8781","3,9203","3,8750","0,0091"
03/07/2018,"3,8966","3,9127","3,9145","3,8729","-0,0039"
04/07/2018,"3,9135","3,8947","3,9200","3,8858","0,0043"
05/07/2018,"3,9324","3,9135","3,9421","3,8859","0,0048"
06/07/2018,"3,8624","3,9326","3,9533","3,8593","-0,0178"
09/07/2018,"3,8714","3,8650","3,8728","3,8641","0,0023"
10/07/2018,"3,8143","3,8836","3,8870","3,7935","-0,0147"
11/07/2018,"3,8764","3,8167","3,8856","3,8134","0,0163"
12/07/2018,"3,8809","3,8746","3,9028","3,8368","0,0012"
13/07/2018,"3,8514","3,8826","3,9009","3,8445","-0,0076"
16/07/2018,"3,8597","3,8508","3,8739","3,8336","0,0022"
17/07/2018,"3,8375","3,8630","3,8797","3,8379","-0,0058"
18/07/2018,"3,8509","3,8385","3,8651","3,8192","0,0035"
19/07/2018,"3,8290","3,8493","3,8927","3,8225","-0,0057"
20/07/2018,"3,7671","3,8313","3,8313","3,7581","-0,0162"
23/07/2018,"3,7823","3,7659","3,8035","3,7659","0,0040"
24/07/2018,"3,7471","3,7828","3,7869","3,7316","-0,0093"
25/07/2018,"3,6877","3,7480","3,7482","3,6887","-0,0159"
26/07/2018,"3,7454","3,6883","3,7483","3,6880","0,0156"
27/07/2018,"3,7099","3,7457","3,7468","3,7058","-0,0095"
30/07/2018,"3,7304","3,7147","3,7327","3,6960","0,0055"
31/07/2018,"3,7557","3,7297","3,7645","3,7222","0,0068"
01/08/2018,"3,7492","3,7566","3,7702","3,7311","-0,0017"
02/08/2018,"3,7496","3,7524","3,7822","3,7488","0,0001"
03/08/2018,"3,7070","3,7513","3,7530","3,6996","-0,0114"
06/08/2018,"3,7356","3,7053","3,7370","3,6902","0,0077"
07/08/2018,"3,7505","3,7370","3,7719","3,7028","0,0040"
08/08/2018,"3,7713","3,7523","3,7733","3,7353","0,0055"
09/08/2018,"3,8007","3,7720","3,8217","3,7714","0,0078"
10/08/2018,"3,8584","3,8016","3,8744","3,8005","0,0152"
13/08/2018,"3,8836","3,8582","3,9294","3,8582","0,0065"
14/08/2018,"3,8663","3,8842","3,9036","3,8586","-0,0045"
15/08/2018,"3,9053","3,8672","3,9280","3,8661","0,0101"
16/08/2018,"3,9059","3,9048","3,9296","3,8667","0,0002"
17/08/2018,"3,9108","3,9072","3,9532","3,9041","0,0013"
20/08/2018,"3,9692","3,9132","3,9716","3,9132","0,0149"
21/08/2018,"4,0467","3,9697","4,0526","3,9553","0,0195"
22/08/2018,"4,0415","4,0503","4,0912","4,0307","-0,0013"
23/08/2018,"4,1145","4,0413","4,1281","4,0400","0,0181"
24/08/2018,"4,1012","4,1140","4,1326","4,0718","-0,0032"
27/08/2018,"4,0772","4,1066","4,1149","4,0473","-0,0059"
28/08/2018,"4,1337","4,0800","4,1475","4,0618","0,0139"
29/08/2018,"4,1065","4,1391","4,1645","4,1010","-0,0066"
30/08/2018,"4,1493","4,1065","4,2151","4,1035","0,0104"
31/08/2018,"4,0545","4,1490","4,1773","4,0527","-0,0228"
03/09/2018,"4,1579","4,0921","4,1602","4,0911","0,0255"
04/09/2018,"4,1600","4,1575","4,1916","4,1378","0,0005"
05/09/2018,"4,1457","4,1572","4,1862","4,1115","-0,0034"
06/09/2018,"4,0587","4,1448","4,1665","4,0362","-0,0210"
07/09/2018,"4,0594","4,0594","4,0594","4,0594","0,0002"
10/09/2018,"4,0855","4,0679","4,1276","4,0516","0,0064"
11/09/2018,"4,1527","4,0863","4,1798","4,0862","0,0164"
12/09/2018,"4,1569","4,1526","4,1675","4,1102","0,0010"
13/09/2018,"4,2067","4,1617","4,2096","4,1237","0,0120"
14/09/2018,"4,1739","4,2069","4,2110","4,1582","-0,0078"
17/09/2018,"4,1316","4,1737","4,2041","4,1154","-0,0101"
18/09/2018,"4,1596","4,1343","4,1648","4,1172","0,0068"
19/09/2018,"4,1305","4,1626","4,1763","4,0971","-0,0070"
20/09/2018,"4,0766","4,1272","4,1316","4,0669","-0,0130"
21/09/2018,"4,0511","4,0772","4,0955","4,0276","-0,0063"
24/09/2018,"4,0914","4,0652","4,0968","4,0355","0,0099"
25/09/2018,"4,0751","4,0899","4,1421","4,0680","-0,0040"
26/09/2018,"4,0310","4,0781","4,0941","4,0090","-0,0108"
27/09/2018,"4,0120","4,0345","4,0556","3,9669","-0,0047"
28/09/2018,"4,0477","4,0136","4,0573","3,9890","0,0089"
01/10/2018,"4,0176","4,0496","4,0637","4,0038","-0,0074"
02/10/2018,"3,9404","4,0180","4,0183","3,9053","-0,0192"
03/10/2018,"3,9008","3,9411","3,9414","3,8221","-0,0100"
04/10/2018,"3,8743","3,9018","3,9360","3,8734","-0,0068"
05/10/2018,"3,8406","3,8743","3,8953","3,8375","-0,0087"
08/10/2018,"3,7786","3,7284","3,7831","3,7096","-0,0161"
09/10/2018,"3,7153","3,7826","3,7915","3,7010","-0,0168"
10/10/2018,"3,7545","3,7156","3,7684","3,7110","0,0106"
11/10/2018,"3,7810","3,7570","3,7863","3,7166","0,0071"
12/10/2018,"3,7825","3,7835","3,7835","3,7826","0,0004"
15/10/2018,"3,7355","3,7569","3,7649","3,7128","-0,0124"
16/10/2018,"3,7244","3,7350","3,7360","3,6913","-0,0030"
17/10/2018,"3,6873","3,7252","3,7462","3,6644","-0,0100"
18/10/2018,"3,7214","3,6875","3,7318","3,6729","0,0092"
19/10/2018,"3,7140","3,7220","3,7268","3,6872","-0,0020"
22/10/2018,"3,6846","3,6946","3,7209","3,6693","-0,0079"
23/10/2018,"3,6932","3,6875","3,7233","3,6854","0,0023"
24/10/2018,"3,7335","3,6948","3,7469","3,6820","0,0109"
25/10/2018,"3,7046","3,7351","3,7351","3,6812","-0,0077"
26/10/2018,"3,6426","3,7062","3,7305","3,6397","-0,0167"
29/10/2018,"3,7179","3,6430","3,7224","3,5817","0,0207"
30/10/2018,"3,6972","3,7175","3,7362","3,6774","-0,0056"
31/10/2018,"3,7218","3,6976","3,7451","3,6860","0,0067"
01/11/2018,"3,7000","3,7222","3,7230","3,6792","-0,0059"
02/11/2018,"3,6965","3,7044","3,7044","3,6965","-0,0009"
05/11/2018,"3,7260","3,6967","3,7331","3,6913","0,0080"
06/11/2018,"3,7614","3,7270","3,7707","3,7237","0,0095"
07/11/2018,"3,7317","3,7618","3,7880","3,7223","-0,0079"
08/11/2018,"3,7604","3,7297","3,7647","3,7162","0,0077"
09/11/2018,"3,7334","3,7610","3,7755","3,7257","-0,0072"
12/11/2018,"3,7674","3,7498","3,7701","3,7364","0,0091"
13/11/2018,"3,8031","3,7573","3,8318","3,7535","0,0095"
14/11/2018,"3,7840","3,8032","3,8198","3,7666","-0,0050"
15/11/2018,"3,7840","3,7843","3,7843","3,7843","0,0000"
16/11/2018,"3,7434","3,7732","3,7832","3,7301","-0,0107"
19/11/2018,"3,7560","3,7473","3,7734","3,7420","0,0034"
20/11/2018,"3,7567","3,7559","3,7579","3,7559","0,0002"
21/11/2018,"3,7975","3,7560","3,8040","3,7560","0,0109"
22/11/2018,"3,8033","3,7897","3,8264","3,7896","0,0015"
23/11/2018,"3,8280","3,8045","3,8309","3,7952","0,0065"
26/11/2018,"3,9398","3,8187","3,9448","3,8171","0,0292"
27/11/2018,"3,8750","3,9232","3,9249","3,8623","-0,0164"
28/11/2018,"3,8508","3,8801","3,8883","3,8317","-0,0062"
29/11/2018,"3,8515","3,8506","3,8742","3,8325","0,0002"
30/11/2018,"3,8662","3,8490","3,8888","3,8379","0,0038"
03/12/2018,"3,8408","3,8669","3,8669","3,8149","-0,0066"
04/12/2018,"3,8524","3,8293","3,8680","3,8179","0,0030"
05/12/2018,"3,8682","3,8527","3,8838","3,8346","0,0041"
06/12/2018,"3,8779","3,8897","3,9436","3,8727","0,0025"
07/12/2018,"3,9074","3,8817","3,9246","3,8576","0,0076"
10/12/2018,"3,9178","3,9075","3,9460","3,8914","0,0027"
11/12/2018,"3,9039","3,9202","3,9232","3,8884","-0,0035"
12/12/2018,"3,8554","3,8948","3,9004","3,8364","-0,0124"
13/12/2018,"3,8910","3,8551","3,8977","3,8512","0,0092"
14/12/2018,"3,9170","3,9122","3,9219","3,8879","0,0067"
17/12/2018,"3,8994","3,9175","3,9294","3,8774","-0,0045"
18/12/2018,"3,9123","3,8979","3,9179","3,8841","0,0033"
19/12/2018,"3,8976","3,9020","3,9140","3,8639","-0,0038"
20/12/2018,"3,8419","3,8970","3,8970","3,8331","-0,0143"
21/12/2018,"3,9039","3,8408","3,9078","3,8395","0,0161"
24/12/2018,"3,9035","3,9040","3,9040","3,9040","-0,0001"
25/12/2018,"3,9035","3,9035","3,9035","3,9035","0,0000"
26/12/2018,"3,9219","3,9040","3,9416","3,8923","0,0047"
27/12/2018,"3,8732","3,9200","3,9461","3,8688","-0,0124"
28/12/2018,"3,8804","3,8775","3,8956","3,8298","0,0019"
31/12/2018,"3,8804","3,8804","3,8804","3,8804","0,0000"
01/01/2019,"3,8804","3,8804","3,8804","3,8804","0,0000"
02/01/2019,"3,7897","3,8793","3,8976","3,7833","-0,0234"
03/01/2019,"3,7564","3,7965","3,8081","3,7380","-0,0088"
04/01/2019,"3,7154","3,7593","3,7857","3,7093","-0,0109"
07/01/2019,"3,7351","3,7144","3,7387","3,6900","0,0053"
08/01/2019,"3,7132","3,7373","3,7423","3,7039","-0,0059"
09/01/2019,"3,6806","3,7138","3,7159","3,6750","-0,0088"
10/01/2019,"3,7104","3,6807","3,7254","3,6751","0,0081"
11/01/2019,"3,7108","3,6948","3,7303","3,6912","0,0001"
14/01/2019,"3,6978","3,7113","3,7352","3,6840","-0,0035"
15/01/2019,"3,7167","3,7032","3,7328","3,6944","0,0051"
16/01/2019,"3,7361","3,7156","3,7384","3,7087","0,0052"
17/01/2019,"3,7502","3,7339","3,7746","3,7267","0,0038"
18/01/2019,"3,7502","3,7475","3,7738","3,7278","0,0000"
21/01/2019,"3,7535","3,7604","3,7804","3,7534","0,0009"
22/01/2019,"3,8142","3,7550","3,8171","3,7454","0,0162"
23/01/2019,"3,7648","3,7938","3,8124","3,7554","-0,0130"
24/01/2019,"3,7718","3,7746","3,7946","3,7375","0,0019"
25/01/2019,"3,7695","3,7705","3,7710","3,7703","-0,0006"
28/01/2019,"3,7614","3,7785","3,7879","3,7505","-0,0021"
29/01/2019,"3,7201","3,7617","3,7655","3,7155","-0,0110"
30/01/2019,"3,6849","3,7205","3,7327","3,6744","-0,0095"
31/01/2019,"3,6439","3,6865","3,6865","3,6364","-0,0111"
01/02/2019,"3,6596","3,6455","3,6828","3,6385","0,0043"
04/02/2019,"3,6686","3,6597","3,6884","3,6595","0,0025"
05/02/2019,"3,6695","3,6643","3,6851","3,6612","0,0002"
06/02/2019,"3,6982","3,6699","3,7166","3,6673","0,0078"
07/02/2019,"3,7166","3,6999","3,7379","3,6994","0,0050"
08/02/2019,"3,7290","3,7196","3,7483","3,7028","0,0033"
11/02/2019,"3,7576","3,7322","3,7751","3,7279","0,0077"
12/02/2019,"3,7097","3,7442","3,7476","3,7026","-0,0127"
13/02/2019,"3,7543","3,7106","3,7627","3,7106","0,0120"
14/02/2019,"3,7232","3,7524","3,7956","3,7144","-0,0083"
15/02/2019,"3,7007","3,7205","3,7268","3,6991","-0,0060"
18/02/2019,"3,7351","3,7020","3,7429","3,7020","0,0093"
19/02/2019,"3,7227","3,7332","3,7452","3,7034","-0,0033"
20/02/2019,"3,7273","3,7240","3,7374","3,6905","0,0012"
21/02/2019,"3,7693","3,7254","3,7724","3,7155","0,0113"
22/02/2019,"3,7482","3,7682","3,7682","3,7264","-0,0056"
25/02/2019,"3,7519","3,7477","3,7523","3,7194","0,0010"
26/02/2019,"3,7487","3,7517","3,7669","3,7383","-0,0009"
27/02/2019,"3,7285","3,7446","3,7484","3,7221","-0,0054"
28/02/2019,"3,7511","3,7265","3,7597","3,7173","0,0061"
01/03/2019,"3,7749","3,7510","3,7965","3,7460","0,0063"
04/03/2019,"3,7750","3,7748","3,7755","3,7748","0,0000"
05/03/2019,"3,7750","3,7755","3,7755","3,7755","0,0000"
06/03/2019,"3,8397","3,7770","3,8454","3,7748","0,0171"
07/03/2019,"3,8701","3,8403","3,9033","3,8163","0,0079"
08/03/2019,"3,8666","3,8707","3,9037","3,8497","-0,0009"
11/03/2019,"3,8392","3,8667","3,8675","3,8338","-0,0071"
12/03/2019,"3,8111","3,8406","3,8450","3,8017","-0,0073"
13/03/2019,"3,8142","3,8112","3,8355","3,7996","0,0008"
14/03/2019,"3,8430","3,8147","3,8550","3,8133","0,0076"
15/03/2019,"3,8131","3,8444","3,8719","3,8075","-0,0078"
18/03/2019,"3,7913","3,8173","3,8280","3,7836","-0,0057"
19/03/2019,"3,7885","3,7917","3,8003","3,7647","-0,0007"
20/03/2019,"3,7756","3,7917","3,7993","3,7381","-0,0034"
21/03/2019,"3,7921","3,7755","3,8382","3,7635","0,0044"
22/03/2019,"3,9066","3,7926","3,9168","3,7926","0,0302"
25/03/2019,"3,8535","3,9041","3,9369","3,8435","-0,0136"
26/03/2019,"3,8769","3,8528","3,8797","3,8336","0,0061"
27/03/2019,"3,9933","3,8747","4,0021","3,8725","0,0300"
28/03/2019,"3,9005","3,9924","4,0160","3,8982","-0,0232"
29/03/2019,"3,9238","3,9010","3,9342","3,8678","0,0060"
01/04/2019,"3,8508","3,8897","3,8930","3,8488","-0,0186"
02/04/2019,"3,8525","3,8514","3,8793","3,8479","0,0004"
03/04/2019,"3,8694","3,8537","3,8824","3,8329","0,0044"
04/04/2019,"3,8587","3,8710","3,8882","3,8475","-0,0028"
05/04/2019,"3,8730","3,8589","3,8768","3,8420","0,0037"
08/04/2019,"3,8490","3,8728","3,8772","3,8417","-0,0062"
09/04/2019,"3,8502","3,8495","3,8646","3,8459","0,0003"
10/04/2019,"3,8247","3,8510","3,8549","3,8147","-0,0066"
11/04/2019,"3,8570","3,8253","3,8633","3,8253","0,0084"
12/04/2019,"3,8812","3,8585","3,9081","3,8570","0,0063"
15/04/2019,"3,8720","3,8819","3,8910","3,8591","-0,0024"
16/04/2019,"3,9031","3,8724","3,9083","3,8681","0,0080"
17/04/2019,"3,9373","3,9051","3,9476","3,8856","0,0088"
18/04/2019,"3,9261","3,9400","3,9518","3,9039","-0,0028"
19/04/2019,"3,9260","3,9273","3,9275","3,9273","0,0000"
22/04/2019,"3,9358","3,9270","3,9394","3,9130","0,0025"
23/04/2019,"3,9197","3,9360","3,9642","3,9121","-0,0041"
24/04/2019,"3,9922","3,9214","3,9944","3,9187","0,0185"
25/04/2019,"3,9530","3,9910","4,0065","3,9462","-0,0098"
26/04/2019,"3,9288","3,9502","3,9759","3,9197","-0,0061"
29/04/2019,"3,9442","3,9300","3,9461","3,9207","0,0039"
30/04/2019,"3,9207","3,9456","3,9573","3,9129","-0,0060"
01/05/2019,"3,9195","3,9196","3,9220","3,9176","-0,0003"
02/05/2019,"3,9654","3,9200","3,9721","3,9175","0,0117"
03/05/2019,"3,9378","3,9668","3,9683","3,9307","-0,0070"
06/05/2019,"3,9683","3,9384","3,9747","3,9378","0,0077"
07/05/2019,"3,9700","3,9705","4,0003","3,9640","0,0004"
08/05/2019,"3,9279","3,9705","3,9783","3,9252","-0,0106"
09/05/2019,"3,9456","3,9276","3,9815","3,9276","0,0045"
10/05/2019,"3,9566","3,9467","3,9738","3,9363","0,0028"
13/05/2019,"3,9925","3,9771","4,0050","3,9727","0,0091"
14/05/2019,"3,9745","3,9935","3,9953","3,9661","-0,0045"
15/05/2019,"4,0012","3,9764","4,0219","3,9736","0,0067"
16/05/2019,"4,0467","4,0014","4,0547","3,9938","0,0114"
17/05/2019,"4,0997","4,0480","4,1134","4,0474","0,0131"
20/05/2019,"4,0963","4,1014","4,1221","4,0777","-0,0008"
21/05/2019,"4,0387","4,0968","4,1138","4,0331","-0,0141"
22/05/2019,"4,0400","4,0394","4,0531","4,0068","0,0003"
23/05/2019,"4,0394","4,0402","4,0716","4,0253","-0,0001"
24/05/2019,"4,0213","4,0416","4,0480","4,0086","-0,0045"
27/05/2019,"4,0410","4,0131","4,0432","4,0040","0,0049"
28/05/2019,"4,0243","4,0430","4,0541","4,0101","-0,0041"
29/05/2019,"3,9742","4,0248","4,0409","3,9679","-0,0124"
30/05/2019,"3,9816","3,9744","3,9937","3,9544","0,0019"
31/05/2019,"3,9218","3,9800","3,9986","3,9086","-0,0150"
03/06/2019,"3,8851","3,9233","3,9345","3,8822","-0,0094"
04/06/2019,"3,8542","3,8864","3,8899","3,8482","-0,0080"
05/06/2019,"3,8808","3,8576","3,9039","3,8365","0,0069"
06/06/2019,"3,8795","3,8812","3,8882","3,8567","-0,0003"
07/06/2019,"3,8774","3,8794","3,8858","3,8496","-0,0005"
10/06/2019,"3,8874","3,8760","3,8996","3,8668","0,0026"
11/06/2019,"3,8569","3,8870","3,8870","3,8423","-0,0078"
12/06/2019,"3,8669","3,8574","3,8723","3,8296","0,0026"
13/06/2019,"3,8485","3,8672","3,8675","3,8345","-0,0048"
14/06/2019,"3,8956","3,8491","3,9139","3,8480","0,0122"
17/06/2019,"3,8881","3,8976","3,9249","3,8797","-0,0019"
18/06/2019,"3,8595","3,8894","3,8894","3,8487","-0,0074"
19/06/2019,"3,8388","3,8606","3,8844","3,8383","-0,0054"
20/06/2019,"3,8386","3,8386","3,8395","3,8386","-0,0001"
21/06/2019,"3,8190","3,8318","3,8463","3,8127","-0,0051"
24/06/2019,"3,8248","3,8220","3,8381","3,8067","0,0015"
25/06/2019,"3,8478","3,8272","3,8597","3,8182","0,0060"
26/06/2019,"3,8433","3,8469","3,8586","3,8305","-0,0012"
27/06/2019,"3,8194","3,8462","3,8733","3,8172","-0,0062"
28/06/2019,"3,8518","3,8193","3,8520","3,8136","0,0085"
01/07/2019,"3,8401","3,8374","3,8492","3,8089","-0,0030"
02/07/2019,"3,8447","3,8408","3,8812","3,8180","0,0012"
03/07/2019,"3,8258","3,8457","3,8752","3,8150","-0,0049"
04/07/2019,"3,8008","3,8266","3,8301","3,7834","-0,0065"
05/07/2019,"3,8215","3,8022","3,8387","3,7978","0,0054"
08/07/2019,"3,8063","3,8160","3,8176","3,7988","-0,0040"
09/07/2019,"3,8000","3,8074","3,8074","3,8005","-0,0017"
10/07/2019,"3,7543","3,7888","3,7943","3,7504","-0,0120"
11/07/2019,"3,7540","3,7539","3,7672","3,7345","-0,0001"
12/07/2019,"3,7358","3,7563","3,7636","3,7296","-0,0048"
15/07/2019,"3,7555","3,7365","3,7583","3,7278","0,0053"
16/07/2019,"3,7680","3,7552","3,7717","3,7518","0,0033"
17/07/2019,"3,7632","3,7685","3,7687","3,7540","-0,0013"
18/07/2019,"3,7187","3,7642","3,7642","3,7178","-0,0118"
19/07/2019,"3,7481","3,7189","3,7544","3,7188","0,0079"
22/07/2019,"3,7403","3,7463","3,7483","3,7292","-0,0021"
23/07/2019,"3,7735","3,7407","3,7801","3,7405","0,0089"
24/07/2019,"3,7726","3,7742","3,7791","3,7519","-0,0002"
25/07/2019,"3,7783","3,7740","3,8069","3,7550","0,0015"
26/07/2019,"3,7753","3,7791","3,7945","3,7591","-0,0008"
29/07/2019,"3,7813","3,7748","3,8012","3,7748","0,0016"
30/07/2019,"3,7896","3,7818","3,7998","3,7752","0,0022"
31/07/2019,"3,8125","3,7896","3,8238","3,7479","0,0060"
01/08/2019,"3,8388","3,8154","3,8612","3,8107","0,0069"
02/08/2019,"3,8883","3,8403","3,8935","3,8388","0,0129"
05/08/2019,"3,9778","3,8864","3,9789","3,8864","0,0230"
06/08/2019,"3,9603","3,9760","3,9864","3,9358","-0,0044"
07/08/2019,"3,9682","3,9615","3,9929","3,9450","0,0020"
08/08/2019,"3,9188","3,9691","3,9697","3,9179","-0,0124"
09/08/2019,"3,9406","3,9196","3,9502","3,9191","0,0056"
12/08/2019,"3,9853","3,9402","4,0132","3,9390","0,0113"
13/08/2019,"3,9646","3,9849","4,0128","3,9448","-0,0052"
14/08/2019,"4,0522","3,9638","4,0541","3,9630","0,0221"
15/08/2019,"3,9908","4,0516","4,0522","3,9791","-0,0152"
16/08/2019,"4,0054","3,9917","4,0083","3,9754","0,0037"
19/08/2019,"4,0740","4,0030","4,0760","3,9904","0,0171"
20/08/2019,"4,0529","4,0744","4,0749","4,0261","-0,0052"
21/08/2019,"4,0260","4,0540","4,0549","4,0134","-0,0066"
22/08/2019,"4,0704","4,0263","4,0818","4,0169","0,0110"
23/08/2019,"4,1196","4,0703","4,1324","4,0500","0,0121"
26/08/2019,"4,1569","4,1200","4,1693","4,1030","0,0091"
27/08/2019,"4,1300","4,1573","4,1949","4,1206","-0,0065"
28/08/2019,"4,1677","4,1264","4,1690","4,1263","0,0091"
29/08/2019,"4,1685","4,1691","4,1779","4,1423","0,0002"
30/08/2019,"4,1445","4,1693","4,1713","4,1202","-0,0058"
02/09/2019,"4,1857","4,1440","4,1894","4,1410","0,0099"
03/09/2019,"4,1678","4,1858","4,1864","4,1505","-0,0043"
04/09/2019,"4,0948","4,1675","4,1678","4,0889","-0,0175"
05/09/2019,"4,1081","4,0949","4,1152","4,0695","0,0032"
06/09/2019,"4,0607","4,1085","4,1085","4,0534","-0,0115"
09/09/2019,"4,0943","4,0630","4,1044","4,0478","0,0083"
10/09/2019,"4,0798","4,0955","4,1297","4,0789","-0,0035"
11/09/2019,"4,0671","4,0808","4,0926","4,0511","-0,0031"
12/09/2019,"4,0602","4,0679","4,0710","4,0266","-0,0017"
13/09/2019,"4,0840","4,0621","4,0957","4,0424","0,0059"
16/09/2019,"4,0801","4,0858","4,1067","4,0749","-0,0010"
17/09/2019,"4,0773","4,0950","4,1174","4,0718","-0,0007"
18/09/2019,"4,1106","4,0776","4,1145","4,0728","0,0082"
19/09/2019,"4,1672","4,1108","4,1690","4,1073","0,0138"
20/09/2019,"4,1472","4,1673","4,1839","4,1458","-0,0048"
23/09/2019,"4,1629","4,1500","4,1847","4,1444","0,0038"
24/09/2019,"4,1647","4,1643","4,1844","4,1536","0,0004"
25/09/2019,"4,1477","4,1638","4,1949","4,1446","-0,0041"
26/09/2019,"4,1707","4,1484","4,1734","4,1214","0,0055"
27/09/2019,"4,1599","4,1706","4,1712","4,1446","-0,0026"
30/09/2019,"4,1551","4,1625","4,1723","4,1415","-0,0012"
01/10/2019,"4,1578","4,1564","4,1858","4,1522","0,0006"
02/10/2019,"4,1287","4,1575","4,1823","4,1272","-0,0070"
03/10/2019,"4,0832","4,1290","4,1304","4,0742","-0,0110"
04/10/2019,"4,0551","4,0843","4,0863","4,0498","-0,0069"
07/10/2019,"4,1068","4,0561","4,1102","4,0560","0,0127"
08/10/2019,"4,0942","4,1071","4,1133","4,0734","-0,0031"
09/10/2019,"4,1089","4,0953","4,1113","4,0698","0,0036"
10/10/2019,"4,1089","4,1096","4,1379","4,0894","0,0000"
11/10/2019,"4,1094","4,1081","4,1266","4,0805","0,0001"
14/10/2019,"4,1255","4,1064","4,1381","4,1064","0,0039"
15/10/2019,"4,1805","4,1262","4,1817","4,1213","0,0133"
16/10/2019,"4,1505","4,1803","4,1873","4,1469","-0,0072"
17/10/2019,"4,1630","4,1510","4,1816","4,1264","0,0030"
18/10/2019,"4,1105","4,1637","4,1657","4,1098","-0,0126"
21/10/2019,"4,1285","4,1119","4,1523","4,1113","0,0044"
22/10/2019,"4,0817","4,1294","4,1320","4,0609","-0,0113"
23/10/2019,"4,0337","4,0807","4,0926","4,0281","-0,0118"
24/10/2019,"4,0401","4,0368","4,0458","3,9986","0,0016"
25/10/2019,"4,0029","4,0421","4,0421","3,9914","-0,0092"
28/10/2019,"3,9902","4,0028","4,0098","3,9724","-0,0032"
29/10/2019,"3,9980","3,9912","4,0053","3,9835","0,0020"
30/10/2019,"3,9895","3,9990","4,0323","3,9815","-0,0021"
31/10/2019,"4,0174","3,9926","4,0379","3,9638","0,0070"
01/11/2019,"3,9897","4,0173","4,0211","3,9692","-0,0069"
04/11/2019,"4,0152","3,9895","4,0200","3,9750","0,0064"
05/11/2019,"3,9935","4,0123","4,0243","3,9831","-0,0054"
06/11/2019,"4,0834","3,9935","4,0904","3,9754","0,0225"
07/11/2019,"4,1004","4,0840","4,1035","4,0420","0,0042"
08/11/2019,"4,1633","4,1146","4,1709","4,1081","0,0153"
11/11/2019,"4,1516","4,1679","4,1717","4,1355","-0,0028"
12/11/2019,"4,1675","4,1529","4,1879","4,1427","0,0038"
13/11/2019,"4,1702","4,1693","4,1904","4,1635","0,0006"
14/11/2019,"4,1949","4,1698","4,1993","4,1627","0,0059"
15/11/2019,"4,1957","4,1958","4,1962","4,1958","0,0002"
18/11/2019,"4,2177","4,1785","4,2197","4,1697","0,0052"
19/11/2019,"4,1942","4,2055","4,2197","4,1859","-0,0056"
20/11/2019,"4,1955","4,1933","4,1980","4,1933","0,0003"
21/11/2019,"4,1930","4,1951","4,2244","4,1830","-0,0006"
22/11/2019,"4,1962","4,1940","4,2013","4,1724","0,0008"
25/11/2019,"4,2266","4,1989","4,2313","4,1874","0,0072"
26/11/2019,"4,2330","4,2269","4,2778","4,2269","0,0015"
27/11/2019,"4,2636","4,2295","4,2714","4,2265","0,0072"
28/11/2019,"4,1900","4,2641","4,2659","4,1901","-0,0173"
29/11/2019,"4,2364","4,1894","4,2460","4,1830","0,0111"
02/12/2019,"4,2230","4,2362","4,2541","4,2079","-0,0032"
03/12/2019,"4,2063","4,2236","4,2245","4,1850","-0,0040"
04/12/2019,"4,2077","4,2054","4,2109","4,1827","0,0003"
05/12/2019,"4,1856","4,2077","4,2238","4,1765","-0,0053"
06/12/2019,"4,1411","4,1860","4,1951","4,1340","-0,0106"
09/12/2019,"4,1422","4,1415","4,1613","4,1239","0,0003"
10/12/2019,"4,1467","4,1427","4,1517","4,1327","0,0011"
11/12/2019,"4,1238","4,1463","4,1467","4,1076","-0,0055"
12/12/2019,"4,0905","4,1242","4,1316","4,0817","-0,0081"
13/12/2019,"4,1080","4,0920","4,1185","4,0752","0,0043"
16/12/2019,"4,0628","4,1105","4,1105","4,0547","-0,0110"
17/12/2019,"4,0716","4,0632","4,0785","4,0506","0,0022"
18/12/2019,"4,0630","4,0684","4,0767","4,0462","-0,0021"
19/12/2019,"4,0694","4,0634","4,0706","4,0509","0,0016"
20/12/2019,"4,1022","4,0704","4,1026","4,0580","0,0081"
23/12/2019,"4,0833","4,1020","4,1020","4,0574","-0,0046"
24/12/2019,"4,0833","4,0838","4,0838","4,0838","0,0000"
25/12/2019,"4,0833","4,0833","4,0833","4,0833","0,0000"
26/12/2019,"4,0557","4,0825","4,0825","4,0457","-0,0068"
27/12/2019,"4,0456","4,0566","4,0620","4,0347","-0,0025"
30/12/2019,"4,0191","4,0490","4,0490","4,0084","-0,0066"
31/12/2019,"4,0190","4,0197","4,0198","4,0194","0,0000"
01/01/2020,"4,0190","4,0190","4,0190","4,0190","0,0000"
02/01/2020,"4,0260","4,0197","4,0413","4,0038","0,0017"
03/01/2020,"4,0669","4,0251","4,0720","4,0251","0,0102"
06/01/2020,"4,0616","4,0567","4,0746","4,0463","-0,0013"
07/01/2020,"4,0676","4,0620","4,0928","4,0549","0,0015"
08/01/2020,"4,0647","4,0676","4,0787","4,0399","-0,0007"
09/01/2020,"4,0925","4,0645","4,0935","4,0575","0,0068"
10/01/2020,"4,0960","4,0936","4,1051","4,0615","0,0009"
13/01/2020,"4,1466","4,0907","4,1469","4,0885","0,0124"
14/01/2020,"4,1326","4,1474","4,1618","4,1214","-0,0034"
15/01/2020,"4,1753","4,1323","4,1862","4,1310","0,0103"
16/01/2020,"4,1847","4,1756","4,2012","4,1593","0,0023"
17/01/2020,"4,1616","4,1851","4,1936","4,1588","-0,0055"
20/01/2020,"4,1898","4,1658","4,1922","4,1629","0,0068"
21/01/2020,"4,2123","4,1895","4,2178","4,1830","0,0054"
22/01/2020,"4,1826","4,2020","4,2058","4,1724","-0,0071"
23/01/2020,"4,1703","4,1832","4,1907","4,1554","-0,0029"
24/01/2020,"4,1814","4,1707","4,1918","4,1650","0,0027"
27/01/2020,"4,2074","4,1842","4,2318","4,1797","0,0062"
28/01/2020,"4,1943","4,2112","4,2169","4,1867","-0,0031"
29/01/2020,"4,2303","4,1948","4,2326","4,1814","0,0086"
30/01/2020,"4,2430","4,2304","4,2727","4,2303","0,0030"
31/01/2020,"4,2820","4,2438","4,2905","4,2438","0,0092"
03/02/2020,"4,2476","4,2816","4,2828","4,2294","-0,0080"
04/02/2020,"4,2545","4,2480","4,2625","4,2232","0,0016"
05/02/2020,"4,2353","4,2552","4,2614","4,2263","-0,0045"
06/02/2020,"4,2822","4,2357","4,2862","4,2086","0,0111"
07/02/2020,"4,3203","4,2825","4,3241","4,2794","0,0089"
10/02/2020,"4,3248","4,3210","4,3293","4,3040","0,0010"
11/02/2020,"4,3316","4,3252","4,3412","4,2969","0,0016"
12/02/2020,"4,3548","4,3319","4,3558","4,3232","0,0054"
13/02/2020,"4,3498","4,3553","4,3835","4,3081","-0,0011"
14/02/2020,"4,2974","4,3504","4,3504","4,2906","-0,0120"
17/02/2020,"4,3270","4,3003","4,3320","4,2969","0,0069"
18/02/2020,"4,3557","4,3280","4,3645","4,3252","0,0066"
19/02/2020,"4,3649","4,3564","4,3779","4,3562","0,0021"
20/02/2020,"4,3933","4,3653","4,3985","4,3580","0,0065"
21/02/2020,"4,3895","4,3939","4,4069","4,3712","-0,0009"
24/02/2020,"4,3878","4,3884","4,3884","4,3883","-0,0004"
25/02/2020,"4,3878","4,3883","4,3888","4,3879","0,0000"
26/02/2020,"4,4502","4,3884","4,4553","4,3880","0,0142"
27/02/2020,"4,4861","4,4497","4,5021","4,4471","0,0081"
28/02/2020,"4,4733","4,5070","4,5144","4,4642","-0,0029"
02/03/2020,"4,4740","4,4948","4,5069","4,4690","0,0002"
03/03/2020,"4,5144","4,4744","4,5184","4,4521","0,0090"
04/03/2020,"4,5847","4,5140","4,5881","4,5026","0,0156"
05/03/2020,"4,6073","4,5993","4,6671","4,5844","0,0049"
06/03/2020,"4,6269","4,6358","4,6720","4,6108","0,0043"
09/03/2020,"4,7231","4,7600","4,7943","4,7052","0,0208"
10/03/2020,"4,6425","4,6742","4,6874","4,6345","-0,0171"
11/03/2020,"4,8136","4,6400","4,8284","4,6400","0,0369"
12/03/2020,"4,7910","4,8149","5,0284","4,7501","-0,0047"
13/03/2020,"4,8580","4,7095","4,8810","4,6424","0,0140"
16/03/2020,"5,0002","4,8600","5,0690","4,8600","0,0293"
17/03/2020,"5,0084","5,0358","5,0873","4,9594","0,0016"
18/03/2020,"5,1064","5,0103","5,2550","5,0074","0,0196"
19/03/2020,"5,0957","5,1098","5,2140","5,0682","-0,0021"
20/03/2020,"5,0627","5,0011","5,0662","4,9820","-0,0065"
23/03/2020,"5,1444","5,0628","5,1479","5,0050","0,0161"
24/03/2020,"5,0983","5,1432","5,1432","5,0412","-0,0090"
25/03/2020,"5,0353","5,0995","5,1109","4,9722","-0,0124"
26/03/2020,"5,0212","5,0349","5,0660","4,9733","-0,0028"
27/03/2020,"5,0997","5,0235","5,1282","5,0235","0,0156"
30/03/2020,"5,1936","5,1180","5,1960","5,1128","0,0184"
31/03/2020,"5,2046","5,1881","5,2150","5,1679","0,0021"
01/04/2020,"5,2493","5,2253","5,2747","5,2210","0,0086"
02/04/2020,"5,2533","5,2486","5,2850","5,2220","0,0008"
03/04/2020,"5,3506","5,2566","5,3541","5,2556","0,0185"
06/04/2020,"5,2863","5,2999","5,3114","5,2236","-0,0120"
07/04/2020,"5,2214","5,2817","5,2868","5,1819","-0,0123"
08/04/2020,"5,1233","5,2237","5,2489","5,1113","-0,0188"
09/04/2020,"5,1070","5,1260","5,1534","5,0488","-0,0032"
10/04/2020,"5,1063","5,1068","5,1068","5,1068","-0,0001"
13/04/2020,"5,1994","5,1219","5,2089","5,1038","0,0182"
14/04/2020,"5,1621","5,1812","5,2123","5,1485","-0,0072"
15/04/2020,"5,2367","5,2227","5,2684","5,2157","0,0145"
16/04/2020,"5,2333","5,2335","5,2683","5,2006","-0,0006"
17/04/2020,"5,2363","5,2341","5,2761","5,2067","0,0006"
20/04/2020,"5,3168","5,2864","5,3202","5,2642","0,0154"
21/04/2020,"5,3163","5,3172","5,3176","5,3167","-0,0001"
22/04/2020,"5,4580","5,3185","5,4643","5,3028","0,0267"
23/04/2020,"5,5335","5,4558","5,5566","5,4009","0,0138"
24/04/2020,"5,5907","5,5339","5,7484","5,5339","0,0103"
27/04/2020,"5,6526","5,5427","5,7260","5,5345","0,0111"
28/04/2020,"5,4999","5,6085","5,6221","5,4710","-0,0270"
29/04/2020,"5,3348","5,5020","5,5281","5,3340","-0,0300"
30/04/2020,"5,4858","5,3346","5,4876","5,3306","0,0283"
01/05/2020,"5,4856","5,4861","5,4861","5,4861","0,0000"
04/05/2020,"5,5450","5,6141","5,6144","5,5187","0,0108"
05/05/2020,"5,5783","5,5424","5,6044","5,4818","0,0060"
06/05/2020,"5,7140","5,5749","5,7235","5,5749","0,0243"
07/05/2020,"5,8307","5,7158","5,8770","5,7158","0,0204"
08/05/2020,"5,7319","5,8123","5,8286","5,7178","-0,0169"
11/05/2020,"5,8180","5,7826","5,8405","5,7651","0,0150"
12/05/2020,"5,8856","5,8190","5,8950","5,7420","0,0116"
13/05/2020,"5,8852","5,8863","5,9440","5,8176","-0,0001"
14/05/2020,"5,8115","5,9249","5,9718","5,8022","-0,0125"
15/05/2020,"5,8554","5,8110","5,8735","5,7590","0,0076"
18/05/2020,"5,7190","5,8565","5,8565","5,6942","-0,0233"
19/05/2020,"5,7540","5,7192","5,7687","5,6820","0,0061"
20/05/2020,"5,6925","5,7559","5,7573","5,6694","-0,0107"
21/05/2020,"5,5507","5,6925","5,7062","5,5473","-0,0249"
22/05/2020,"5,5338","5,5536","5,6256","5,5229","-0,0030"
25/05/2020,"5,4461","5,4943","5,5301","5,4321","-0,0158"
26/05/2020,"5,3450","5,4432","5,4432","5,3340","-0,0186"
27/05/2020,"5,2733","5,3417","5,3610","5,2692","-0,0134"
28/05/2020,"5,4045","5,2743","5,4114","5,2743","0,0249"
29/05/2020,"5,3361","5,4049","5,4630","5,3189","-0,0127"
01/06/2020,"5,3633","5,3340","5,4196","5,3100","0,0051"
02/06/2020,"5,2014","5,3672","5,3700","5,1989","-0,0302"
03/06/2020,"5,0622","5,2006","5,2110","5,0159","-0,0268"
04/06/2020,"5,1190","5,0624","5,1418","5,0244","0,0112"
05/06/2020,"4,9585","5,1187","5,1197","4,9328","-0,0314"
08/06/2020,"4,8230","4,9620","4,9773","4,8175","-0,0273"
09/06/2020,"4,8992","4,8230","4,9359","4,8230","0,0158"
10/06/2020,"4,9732","4,9000","4,9789","4,8380","0,0151"
11/06/2020,"4,9760","4,9740","4,9765","4,9740","0,0006"
12/06/2020,"5,0505","4,9774","5,1119","4,9765","0,0150"
15/06/2020,"5,1557","5,1314","5,2261","5,0786","0,0208"
16/06/2020,"5,2430","5,1173","5,2549","5,0478","0,0169"
17/06/2020,"5,2286","5,2446","5,2715","5,1814","-0,0027"
18/06/2020,"5,3776","5,2291","5,3884","5,2277","0,0285"
19/06/2020,"5,3105","5,3780","5,3821","5,2881","-0,0125"
22/06/2020,"5,2524","5,2904","5,2968","5,1973","-0,0109"
23/06/2020,"5,1542","5,2524","5,2537","5,1336","-0,0187"
24/06/2020,"5,3467","5,1525","5,3549","5,1525","0,0373"
25/06/2020,"5,3561","5,3476","5,3803","5,2663","0,0018"
26/06/2020,"5,4840","5,3607","5,4931","5,3607","0,0239"
29/06/2020,"5,4034","5,4847","5,4847","5,3893","-0,0147"
30/06/2020,"5,4661","5,4004","5,5082","5,4004","0,0116"
01/07/2020,"5,3174","5,4660","5,4763","5,2985","-0,0272"
02/07/2020,"5,3596","5,3185","5,3752","5,2655","0,0079"
03/07/2020,"5,3158","5,3523","5,3807","5,3047","-0,0082"
06/07/2020,"5,3562","5,3150","5,3592","5,2609","0,0076"
07/07/2020,"5,3790","5,3560","5,4017","5,2880","0,0043"
08/07/2020,"5,3422","5,3840","5,3942","5,3178","-0,0068"
09/07/2020,"5,3413","5,3450","5,3789","5,2450","-0,0002"
10/07/2020,"5,3238","5,3390","5,3946","5,3129","-0,0033"
13/07/2020,"5,4040","5,3130","5,4098","5,3105","0,0151"
14/07/2020,"5,3674","5,4032","5,4543","5,3306","-0,0068"
15/07/2020,"5,3698","5,3096","5,3911","5,2917","0,0004"
16/07/2020,"5,3311","5,3697","5,3929","5,3065","-0,0072"
17/07/2020,"5,3849","5,3243","5,3923","5,3156","0,0101"
20/07/2020,"5,3283","5,3870","5,3913","5,3269","-0,0105"
21/07/2020,"5,1713","5,3291","5,3291","5,1647","-0,0295"
22/07/2020,"5,1166","5,1707","5,2029","5,0828","-0,0106"
23/07/2020,"5,2112","5,1191","5,2262","5,1188","0,0185"
24/07/2020,"5,2329","5,2128","5,2532","5,1597","0,0042"
27/07/2020,"5,1447","5,2332","5,2332","5,1411","-0,0169"
28/07/2020,"5,1533","5,1493","5,2044","5,1346","0,0017"
29/07/2020,"5,1692","5,1383","5,1845","5,1145","0,0031"
30/07/2020,"5,1534","5,1706","5,2165","5,1435","-0,0031"
31/07/2020,"5,2240","5,1541","5,2298","5,1531","0,0137"
03/08/2020,"5,3213","5,2223","5,3364","5,2115","0,0186"
04/08/2020,"5,2900","5,3205","5,3775","5,2744","-0,0059"
05/08/2020,"5,2902","5,2440","5,3203","5,2317","0,0000"
06/08/2020,"5,3315","5,2915","5,3721","5,2915","0,0078"
07/08/2020,"5,4383","5,3442","5,4394","5,3401","0,0200"
10/08/2020,"5,4812","5,4396","5,4907","5,3518","0,0079"
11/08/2020,"5,3800","5,4809","5,4822","5,3716","-0,0185"
12/08/2020,"5,4333","5,3820","5,4925","5,3820","0,0099"
13/08/2020,"5,3690","5,4356","5,4362","5,3490","-0,0118"
14/08/2020,"5,4204","5,3698","5,4422","5,3572","0,0096"
17/08/2020,"5,5090","5,4410","5,5150","5,4090","0,0163"
18/08/2020,"5,4666","5,5098","5,5168","5,4206","-0,0077"
19/08/2020,"5,5575","5,4674","5,5619","5,4346","0,0166"
20/08/2020,"5,5568","5,5573","5,6733","5,5382","-0,0001"
21/08/2020,"5,6192","5,5587","5,6332","5,5555","0,0112"
24/08/2020,"5,6100","5,5772","5,6148","5,5589","-0,0016"
25/08/2020,"5,5075","5,6112","5,6136","5,5049","-0,0183"
26/08/2020,"5,6054","5,5090","5,6342","5,5089","0,0178"
27/08/2020,"5,5691","5,6060","5,6223","5,5435","-0,0065"
28/08/2020,"5,3881","5,5701","5,5702","5,3855","-0,0325"
31/08/2020,"5,4914","5,3850","5,4955","5,3850","0,0192"
01/09/2020,"5,3960","5,4927","5,4927","5,3344","-0,0174"
02/09/2020,"5,3403","5,3987","5,4309","5,3407","-0,0103"
03/09/2020,"5,2914","5,3408","5,3752","5,2722","-0,0092"
04/09/2020,"5,3012","5,2901","5,3285","5,2465","0,0019"
07/09/2020,"5,2995","5,2995","5,2995","5,2995","-0,0003"
08/09/2020,"5,3638","5,3607","5,4097","5,3156","0,0121"
09/09/2020,"5,3078","5,3614","5,3620","5,2784","-0,0104"
10/09/2020,"5,3210","5,3096","5,3325","5,2681","0,0025"
11/09/2020,"5,3189","5,3209","5,3495","5,2583","-0,0004"
14/09/2020,"5,2706","5,3191","5,3234","5,2613","-0,0091"
15/09/2020,"5,2748","5,2698","5,3016","5,2192","0,0008"
16/09/2020,"5,2377","5,2762","5,2785","5,2103","-0,0070"
17/09/2020,"5,2394","5,2379","5,2924","5,2264","0,0003"
18/09/2020,"5,3876","5,2398","5,3989","5,2391","0,0283"
21/09/2020,"5,4131","5,4511","5,4979","5,3876","0,0047"
22/09/2020,"5,4704","5,4147","5,4968","5,3828","0,0106"
23/09/2020,"5,5943","5,4702","5,5991","5,4700","0,0226"
24/09/2020,"5,5089","5,5930","5,6243","5,4926","-0,0153"
25/09/2020,"5,5624","5,5098","5,5890","5,5098","0,0097"
28/09/2020,"5,6627","5,5135","5,6760","5,5127","0,0180"
29/09/2020,"5,6344","5,6615","5,6786","5,6061","-0,0050"
30/09/2020,"5,6112","5,6352","5,6705","5,5870","-0,0041"
01/10/2020,"5,6437","5,6109","5,6652","5,5739","0,0058"
02/10/2020,"5,6851","5,6433","5,6929","5,6072","0,0073"
05/10/2020,"5,5743","5,6498","5,6774","5,5500","-0,0195"
06/10/2020,"5,5930","5,5745","5,6174","5,4830","0,0034"
07/10/2020,"5,6097","5,5614","5,6396","5,5508","0,0030"
08/10/2020,"5,5987","5,6128","5,6469","5,5761","-0,0020"
09/10/2020,"5,5318","5,6000","5,6014","5,5104","-0,0119"
12/10/2020,"5,5316","5,5316","5,5316","5,5316","0,0000"
13/10/2020,"5,5693","5,5263","5,6262","5,5210","0,0068"
14/10/2020,"5,5912","5,5729","5,6055","5,5349","0,0039"
15/10/2020,"5,6126","5,5958","5,6483","5,5886","0,0038"
16/10/2020,"5,6428","5,6097","5,6549","5,5975","0,0054"
19/10/2020,"5,6069","5,6463","5,6503","5,5665","-0,0064"
20/10/2020,"5,6054","5,6103","5,6267","5,5472","-0,0003"
21/10/2020,"5,6066","5,6058","5,6294","5,5707","0,0002"
22/10/2020,"5,5893","5,6088","5,6264","5,5627","-0,0031"
23/10/2020,"5,6175","5,5929","5,6355","5,5652","0,0050"
26/10/2020,"5,6229","5,6551","5,6638","5,6099","0,0010"
27/10/2020,"5,7055","5,6243","5,7127","5,5987","0,0147"
28/10/2020,"5,7457","5,7060","5,7928","5,7017","0,0070"
29/10/2020,"5,7790","5,7466","5,7923","5,7439","0,0058"
30/10/2020,"5,7446","5,7781","5,8084","5,7217","-0,0060"
02/11/2020,"5,7425","5,7430","5,7430","5,7430","-0,0004"
03/11/2020,"5,7560","5,6964","5,7668","5,6488","0,0024"
04/11/2020,"5,6635","5,7565","5,7655","5,6434","-0,0161"
05/11/2020,"5,5250","5,6129","5,6310","5,5223","-0,0245"
06/11/2020,"5,3647","5,5255","5,5742","5,3585","-0,0290"
09/11/2020,"5,3858","5,2746","5,4260","5,2235","0,0039"
10/11/2020,"5,4147","5,3736","5,4190","5,3345","0,0054"
11/11/2020,"5,3910","5,4180","5,4571","5,3737","-0,0044"
12/11/2020,"5,4581","5,4160","5,4905","5,3526","0,0124"
13/11/2020,"5,4582","5,4580","5,5264","5,4497","0,0000"
16/11/2020,"5,4152","5,4148","5,4585","5,3637","-0,0079"
17/11/2020,"5,3281","5,4165","5,4233","5,3221","-0,0161"
18/11/2020,"5,3629","5,3285","5,3725","5,2740","0,0065"
19/11/2020,"5,3054","5,3634","5,3805","5,2972","-0,0107"
20/11/2020,"5,3797","5,2913","5,3959","5,2848","0,0140"
23/11/2020,"5,4390","5,3780","5,4507","5,3388","0,0110"
24/11/2020,"5,3736","5,4410","5,4450","5,3704","-0,0120"
25/11/2020,"5,3237","5,3740","5,3956","5,3037","-0,0093"
26/11/2020,"5,3365","5,3198","5,3584","5,2956","0,0024"
27/11/2020,"5,3438","5,3360","5,3802","5,3195","0,0014"
30/11/2020,"5,3319","5,2906","5,3971","5,2737","-0,0022"
01/12/2020,"5,2061","5,3158","5,3301","5,2031","-0,0236"
02/12/2020,"5,2175","5,2252","5,2555","5,2059","0,0022"
03/12/2020,"5,1515","5,2178","5,2310","5,1209","-0,0126"
04/12/2020,"5,1557","5,1540","5,1846","5,1164","0,0008"
07/12/2020,"5,0990","5,1598","5,1701","5,0570","-0,0110"
08/12/2020,"5,1202","5,1000","5,1392","5,0627","0,0042"
09/12/2020,"5,1708","5,1206","5,1981","5,0868","0,0099"
10/12/2020,"5,0256","5,1109","5,1328","5,0144","-0,0281"
11/12/2020,"5,0656","5,0438","5,0886","5,0288","0,0080"
14/12/2020,"5,1189","5,0383","5,1307","5,0100","0,0105"
15/12/2020,"5,0842","5,1145","5,1249","5,0761","-0,0068"
16/12/2020,"5,0838","5,0824","5,1440","5,0646","-0,0001"
17/12/2020,"5,0582","5,0601","5,0890","5,0421","-0,0050"
18/12/2020,"5,1022","5,0593","5,1176","5,0593","0,0087"
21/12/2020,"5,1222","5,2012","5,2250","5,1122","0,0039"
22/12/2020,"5,1597","5,1220","5,1731","5,1094","0,0073"
23/12/2020,"5,2164","5,1605","5,2215","5,1287","0,0110"
24/12/2020,"5,2165","5,2167","5,2167","5,2167","0,0000"
25/12/2020,"5,2165","5,2165","5,2165","5,2165","0,0000"
28/12/2020,"5,2461","5,1784","5,3124","5,1639","0,0057"
29/12/2020,"5,2099","5,2460","5,2473","5,1646","-0,0069"
30/12/2020,"5,1937","5,2051","5,2361","5,1519","-0,0031"
31/12/2020,"5,1937","5,1937","5,1937","5,1937","0,0000"
01/01/2021,"5,1937","5,1937","5,1937","5,1937","0,0000"
04/01/2021,"5,2968","5,1351","5,2973","5,1197","0,0199"
05/01/2021,"5,2854","5,2955","5,3546","5,2515","-0,0022"
06/01/2021,"5,3139","5,2863","5,3598","5,2318","0,0054"
07/01/2021,"5,4101","5,3169","5,4187","5,2989","0,0181"
08/01/2021,"5,4178","5,4108","5,4407","5,3208","0,0014"
11/01/2021,"5,4890","5,4666","5,5166","5,4491","0,0131"
12/01/2021,"5,3226","5,4893","5,4941","5,3116","-0,0303"
13/01/2021,"5,2990","5,3233","5,3550","5,2702","-0,0044"
14/01/2021,"5,1967","5,2992","5,3034","5,1910","-0,0193"
15/01/2021,"5,2927","5,1971","5,3108","5,1971","0,0185"
18/01/2021,"5,2957","5,3025","5,3229","5,2356","0,0006"
19/01/2021,"5,3578","5,2691","5,3684","5,2419","0,0117"
20/01/2021,"5,2917","5,3589","5,3589","5,2823","-0,0123"
21/01/2021,"5,3506","5,2544","5,4006","5,2314","0,0111"
22/01/2021,"5,4666","5,3547","5,4875","5,3547","0,0217"
25/01/2021,"5,4665","5,4670","5,4670","5,4670","0,0000"
26/01/2021,"5,3552","5,4712","5,4783","5,3119","-0,0204"
27/01/2021,"5,4138","5,3556","5,4205","5,3491","0,0109"
28/01/2021,"5,4410","5,4250","5,4604","5,3898","0,0050"
29/01/2021,"5,4625","5,4390","5,5061","5,4189","0,0040"
01/02/2021,"5,4322","5,4663","5,4863","5,4206","-0,0055"
02/02/2021,"5,3680","5,4326","5,4326","5,3426","-0,0118"
03/02/2021,"5,3534","5,3663","5,3945","5,3202","-0,0027"
04/02/2021,"5,4266","5,3552","5,4571","5,3544","0,0137"
05/02/2021,"5,3704","5,4270","5,4562","5,3436","-0,0104"
08/02/2021,"5,3657","5,4040","5,4209","5,3042","-0,0009"
09/02/2021,"5,3781","5,3660","5,4478","5,3536","0,0023"
10/02/2021,"5,3860","5,3790","5,4378","5,3485","0,0015"
11/02/2021,"5,3665","5,3882","5,4118","5,3330","-0,0036"
12/02/2021,"5,3698","5,3953","5,4127","5,3543","0,0006"
15/02/2021,"5,3698","5,3698","5,3698","5,3698","0,0000"
16/02/2021,"5,3695","5,3685","5,3708","5,3685","-0,0001"
17/02/2021,"5,4105","5,3708","5,4332","5,3708","0,0076"
18/02/2021,"5,4270","5,3877","5,4536","5,3854","0,0030"
19/02/2021,"5,3823","5,4267","5,4706","5,3669","-0,0082"
22/02/2021,"5,4659","5,5127","5,5343","5,4296","0,0155"
23/02/2021,"5,4409","5,4692","5,4843","5,4076","-0,0046"
24/02/2021,"5,4062","5,4409","5,4454","5,3895","-0,0064"
25/02/2021,"5,5308","5,4450","5,5390","5,4173","0,0230"
26/02/2021,"5,5986","5,5340","5,6093","5,4905","0,0123"
01/03/2021,"5,6418","5,5870","5,6427","5,5553","0,0077"
02/03/2021,"5,6761","5,6422","5,7340","5,6387","0,0061"
03/03/2021,"5,6193","5,6872","5,7729","5,5807","-0,0100"
04/03/2021,"5,6693","5,5701","5,6853","5,5439","0,0089"
05/03/2021,"5,6908","5,6697","5,7233","5,6517","0,0038"
08/03/2021,"5,8755","5,6898","5,8769","5,6898","0,0325"
09/03/2021,"5,8025","5,8753","5,8788","5,7676","-0,0124"
10/03/2021,"5,6720","5,7903","5,8144","5,6443","-0,0225"
11/03/2021,"5,5357","5,6078","5,6215","5,5257","-0,0240"
12/03/2021,"5,5518","5,5362","5,5874","5,5324","0,0029"
15/03/2021,"5,6156","5,5501","5,6568","5,5310","0,0115"
16/03/2021,"5,6246","5,6252","5,6345","5,5573","0,0016"
17/03/2021,"5,5832","5,6249","5,6827","5,5688","-0,0074"
18/03/2021,"5,5604","5,5860","5,5860","5,4763","-0,0041"
19/03/2021,"5,4917","5,5609","5,5640","5,4483","-0,0124"
22/03/2021,"5,5045","5,5087","5,5483","5,4936","0,0023"
23/03/2021,"5,5214","5,5046","5,5509","5,4640","0,0031"
24/03/2021,"5,6209","5,5216","5,6432","5,4891","0,0180"
25/03/2021,"5,6475","5,6213","5,6821","5,6174","0,0047"
26/03/2021,"5,7566","5,6473","5,7589","5,6448","0,0193"
29/03/2021,"5,7799","5,7550","5,8069","5,7360","0,0040"
30/03/2021,"5,7745","5,7824","5,8034","5,7200","-0,0009"
31/03/2021,"5,6315","5,7740","5,7768","5,6214","-0,0248"
01/04/2021,"5,7071","5,6330","5,7276","5,6081","0,0134"
02/04/2021,"5,7075","5,7080","5,7080","5,7080","0,0001"
05/04/2021,"5,6632","5,7100","5,7102","5,6323","-0,0078"
06/04/2021,"5,5904","5,6642","5,6699","5,5742","-0,0129"
07/04/2021,"5,6143","5,5905","5,6551","5,5474","0,0043"
08/04/2021,"5,5720","5,6136","5,6174","5,5382","-0,0075"
09/04/2021,"5,6821","5,5681","5,6852","5,5665","0,0198"
12/04/2021,"5,7333","5,6822","5,7425","5,6300","0,0090"
13/04/2021,"5,7166","5,7340","5,7562","5,6629","-0,0029"
14/04/2021,"5,6526","5,7180","5,7360","5,6452","-0,0112"
15/04/2021,"5,6162","5,6540","5,6604","5,5952","-0,0064"
16/04/2021,"5,5883","5,6142","5,6781","5,5657","-0,0050"
19/04/2021,"5,5461","5,5873","5,6224","5,5262","-0,0076"
20/04/2021,"5,5687","5,5461","5,5883","5,5022","0,0041"
21/04/2021,"5,5690","5,5692","5,5695","5,5692","0,0001"
22/04/2021,"5,4448","5,5669","5,5669","5,4373","-0,0223"
23/04/2021,"5,4751","5,4445","5,5240","5,4239","0,0056"
26/04/2021,"5,4364","5,4758","5,4904","5,4318","-0,0071"
27/04/2021,"5,4490","5,4366","5,4673","5,4098","0,0023"
28/04/2021,"5,3430","5,4526","5,4561","5,3429","-0,0195"
29/04/2021,"5,3375","5,3428","5,3798","5,3275","-0,0010"
30/04/2021,"5,4366","5,3384","5,4489","5,3351","0,0186"
03/05/2021,"5,4420","5,4360","5,4561","5,3727","0,0010"
04/05/2021,"5,4435","5,4398","5,4843","5,4114","0,0003"
05/05/2021,"5,3542","5,4455","5,4478","5,3512","-0,0164"
06/05/2021,"5,2760","5,3573","5,3752","5,2567","-0,0146"
07/05/2021,"5,2368","5,2768","5,2952","5,2026","-0,0074"
10/05/2021,"5,2272","5,2340","5,2526","5,1964","-0,0018"
11/05/2021,"5,2208","5,2273","5,2823","5,2031","-0,0012"
12/05/2021,"5,3061","5,2227","5,3199","5,2105","0,0163"
13/05/2021,"5,3090","5,3043","5,3332","5,2519","0,0005"
14/05/2021,"5,2728","5,3090","5,3090","5,2442","-0,0068"
17/05/2021,"5,2729","5,2725","5,3205","5,2443","0,0000"
18/05/2021,"5,2605","5,2753","5,2814","5,2299","-0,0024"
19/05/2021,"5,3094","5,2608","5,3261","5,2586","0,0093"
20/05/2021,"5,2825","5,3097","5,3109","5,2699","-0,0051"
21/05/2021,"5,3617","5,2844","5,3711","5,2704","0,0150"
24/05/2021,"5,3175","5,3665","5,3746","5,3095","-0,0082"
25/05/2021,"5,3312","5,3203","5,3475","5,2941","0,0026"
26/05/2021,"5,3115","5,3290","5,3435","5,2867","-0,0037"
27/05/2021,"5,2383","5,3121","5,3133","5,2346","-0,0138"
28/05/2021,"5,2244","5,2400","5,2664","5,2089","-0,0027"
31/05/2021,"5,2172","5,2227","5,2633","5,1982","-0,0014"
01/06/2021,"5,1509","5,2210","5,2212","5,1399","-0,0127"
02/06/2021,"5,0754","5,1515","5,1755","5,0671","-0,0147"
03/06/2021,"5,0775","5,0787","5,0787","5,0780","0,0004"
04/06/2021,"5,0495","5,1135","5,1155","5,0320","-0,0055"
07/06/2021,"5,0451","5,0466","5,0703","5,0172","-0,0009"
08/06/2021,"5,0325","5,0467","5,0689","5,0205","-0,0025"
09/06/2021,"5,0621","5,0363","5,0863","5,0181","0,0059"
10/06/2021,"5,0552","5,0650","5,0922","5,0323","-0,0014"
11/06/2021,"5,1171","5,0590","5,1395","5,0530","0,0122"
14/06/2021,"5,0601","5,1152","5,1190","5,0539","-0,0111"
15/06/2021,"5,0437","5,0601","5,1052","5,0378","-0,0032"
16/06/2021,"5,0545","5,0436","5,0821","4,9922","0,0021"
17/06/2021,"5,0059","5,0587","5,0760","5,0068","-0,0096"
18/06/2021,"5,0894","5,0077","5,1100","4,9815","0,0167"
21/06/2021,"5,0130","5,0753","5,0824","5,0129","-0,0150"
22/06/2021,"4,9574","5,0143","5,0459","4,9569","-0,0111"
23/06/2021,"4,9667","4,9578","4,9802","4,9373","0,0019"
24/06/2021,"4,9137","4,9671","4,9720","4,8978","-0,0107"
25/06/2021,"4,9335","4,9143","4,9750","4,8929","0,0040"
28/06/2021,"4,9244","4,9308","4,9724","4,9171","-0,0018"
29/06/2021,"4,9559","4,9325","4,9714","4,9209","0,0064"
30/06/2021,"4,9686","4,9566","5,0242","4,9527","0,0026"
01/07/2021,"5,0476","4,9705","5,0558","4,9467","0,0159"
02/07/2021,"5,0575","5,0507","5,0745","4,9875","0,0020"
05/07/2021,"5,0910","5,0551","5,1007","5,0459","0,0066"
06/07/2021,"5,1969","5,0969","5,2176","5,0753","0,0208"
07/07/2021,"5,2315","5,1969","5,2815","5,1696","0,0067"
08/07/2021,"5,2579","5,2315","5,3145","5,2187","0,0050"
09/07/2021,"5,2579","5,2579","5,2579","5,2579","0,0000"
12/07/2021,"5,1730","5,2586","5,2850","5,1630","-0,0161"
13/07/2021,"5,1622","5,1747","5,2233","5,1479","-0,0021"
14/07/2021,"5,0706","5,1638","5,1656","5,0666","-0,0177"
15/07/2021,"5,1100","5,0716","5,1389","5,0530","0,0078"
16/07/2021,"5,1147","5,1130","5,1281","5,0742","0,0009"
19/07/2021,"5,2519","5,1185","5,2591","5,1185","0,0268"
20/07/2021,"5,2205","5,2526","5,2950","5,2018","-0,0060"
21/07/2021,"5,1874","5,2413","5,2782","5,1806","-0,0063"
22/07/2021,"5,2003","5,1887","5,2249","5,1670","0,0025"
23/07/2021,"5,2006","5,1858","5,2332","5,1584","0,0001"
26/07/2021,"5,1761","5,2051","5,2303","5,1516","-0,0047"
27/07/2021,"5,1690","5,1770","5,2061","5,1486","-0,0014"
28/07/2021,"5,1157","5,1710","5,1926","5,1039","-0,0103"
29/07/2021,"5,0812","5,1166","5,1166","5,0406","-0,0067"
30/07/2021,"5,2123","5,0773","5,2287","5,0754","0,0258"
02/08/2021,"5,1747","5,2158","5,2194","5,1136","-0,0072"
03/08/2021,"5,1967","5,1708","5,2750","5,1651","0,0043"
04/08/2021,"5,1685","5,1975","5,2463","5,1649","-0,0054"
05/08/2021,"5,2488","5,1700","5,2586","5,1101","0,0155"
06/08/2021,"5,2301","5,2467","5,2757","5,2050","-0,0036"
09/08/2021,"5,2331","5,2325","5,2993","5,2146","0,0006"
10/08/2021,"5,1895","5,2334","5,2631","5,1847","-0,0083"
11/08/2021,"5,2185","5,1899","5,2348","5,1636","0,0056"
12/08/2021,"5,2524","5,2193","5,2617","5,2089","0,0065"
13/08/2021,"5,2466","5,2532","5,2816","5,2198","-0,0011"
16/08/2021,"5,2595","5,2439","5,2971","5,2285","0,0025"
17/08/2021,"5,2948","5,2820","5,3046","5,2359","0,0067"
18/08/2021,"5,3794","5,2839","5,3974","5,2626","0,0160"
19/08/2021,"5,4142","5,4188","5,4560","5,3795","0,0065"
20/08/2021,"5,3770","5,4155","5,4758","5,3656","-0,0069"
23/08/2021,"5,3802","5,3795","5,4024","5,3440","0,0006"
24/08/2021,"5,2463","5,3801","5,3828","5,2452","-0,0249"
25/08/2021,"5,2117","5,2482","5,2710","5,2058","-0,0066"
26/08/2021,"5,2522","5,2097","5,2676","5,2097","0,0078"
27/08/2021,"5,1996","5,2577","5,2616","5,1869","-0,0100"
30/08/2021,"5,1840","5,1999","5,2266","5,1818","-0,0030"
31/08/2021,"5,1492","5,1845","5,1973","5,1155","-0,0067"
01/09/2021,"5,1858","5,1694","5,1984","5,1417","0,0071"
02/09/2021,"5,1819","5,1864","5,2013","5,1421","-0,0008"
03/09/2021,"5,1908","5,1830","5,2018","5,1310","0,0017"
06/09/2021,"5,1693","5,1920","5,2126","5,1548","-0,0041"
07/09/2021,"5,1692","5,1706","5,1708","5,1704","0,0000"
08/09/2021,"5,3214","5,2016","5,3345","5,1955","0,0294"
09/09/2021,"5,1976","5,3252","5,3347","5,1930","-0,0233"
10/09/2021,"5,2454","5,1677","5,2712","5,1637","0,0092"
13/09/2021,"5,2144","5,2490","5,2659","5,2008","-0,0059"
14/09/2021,"5,2398","5,2394","5,2642","5,1980","0,0049"
15/09/2021,"5,2219","5,2408","5,2722","5,2149","-0,0034"
16/09/2021,"5,2535","5,2376","5,2802","5,2315","0,0061"
17/09/2021,"5,2883","5,2568","5,3473","5,2509","0,0066"
20/09/2021,"5,3240","5,2851","5,3779","5,2849","0,0068"
21/09/2021,"5,2699","5,3252","5,3374","5,2626","-0,0102"
22/09/2021,"5,2888","5,2707","5,3192","5,2495","0,0036"
23/09/2021,"5,3030","5,2618","5,3124","5,2561","0,0027"
24/09/2021,"5,3344","5,3039","5,3550","5,3023","0,0059"
27/09/2021,"5,3914","5,3384","5,3946","5,3066","0,0107"
28/09/2021,"5,4293","5,3920","5,4521","5,3863","0,0070"
29/09/2021,"5,4152","5,4292","5,4471","5,3913","-0,0026"
30/09/2021,"5,4428","5,4121","5,4767","5,3668","0,0051"
01/10/2021,"5,3628","5,4432","5,4432","5,3527","-0,0147"
04/10/2021,"5,4535","5,3614","5,4593","5,3614","0,0169"
05/10/2021,"5,4748","5,4547","5,4880","5,4239","0,0039"
06/10/2021,"5,4912","5,4770","5,5381","5,4755","0,0030"
07/10/2021,"5,5188","5,4937","5,5295","5,4667","0,0050"
08/10/2021,"5,5082","5,5187","5,5324","5,4768","-0,0019"
11/10/2021,"5,5367","5,5073","5,5446","5,4946","0,0052"
12/10/2021,"5,5325","5,5370","5,5372","5,5328","-0,0008"
13/10/2021,"5,5133","5,5368","5,5737","5,4989","-0,0035"
14/10/2021,"5,5132","5,5139","5,5308","5,4670","0,0000"
15/10/2021,"5,4611","5,5139","5,5139","5,4337","-0,0095"
18/10/2021,"5,5117","5,4576","5,5434","5,4576","0,0093"
19/10/2021,"5,5844","5,5128","5,6125","5,5128","0,0132"
20/10/2021,"5,5975","5,5851","5,6026","5,5199","0,0023"
21/10/2021,"5,6577","5,5987","5,6907","5,5980","0,0108"
22/10/2021,"5,6474","5,6584","5,7547","5,6214","-0,0018"
25/10/2021,"5,5563","5,6534","5,6587","5,5367","-0,0161"
26/10/2021,"5,5666","5,5557","5,6068","5,5466","0,0019"
27/10/2021,"5,5380","5,5668","5,5924","5,5367","-0,0051"
28/10/2021,"5,6464","5,5375","5,6636","5,5367","0,0196"
29/10/2021,"5,6372","5,6464","5,6636","5,5972","-0,0016"
01/11/2021,"5,6815","5,6221","5,6889","5,6206","0,0079"
02/11/2021,"5,6795","5,6850","5,6850","5,6800","-0,0004"
03/11/2021,"5,5525","5,6808","5,7000","5,5447","-0,0224"
04/11/2021,"5,6020","5,5881","5,6281","5,5627","0,0089"
05/11/2021,"5,5428","5,5988","5,6075","5,5013","-0,0106"
08/11/2021,"5,5440","5,5667","5,5979","5,5328","0,0002"
09/11/2021,"5,4804","5,5477","5,5495","5,4559","-0,0115"
10/11/2021,"5,4910","5,5010","5,5103","5,4357","0,0019"
11/11/2021,"5,3989","5,4945","5,4945","5,3879","-0,0168"
12/11/2021,"5,4588","5,4044","5,4687","5,3927","0,0111"
15/11/2021,"5,4575","5,4570","5,4580","5,4570","-0,0002"
16/11/2021,"5,5028","5,4591","5,5093","5,4296","0,0083"
17/11/2021,"5,5292","5,4986","5,5359","5,4655","0,0048"
18/11/2021,"5,5576","5,5291","5,5775","5,5238","0,0051"
19/11/2021,"5,6135","5,5782","5,6151","5,5207","0,0101"
22/11/2021,"5,5865","5,6013","5,6144","5,5620","-0,0048"
23/11/2021,"5,5712","5,5854","5,6636","5,5672","-0,0027"
24/11/2021,"5,6061","5,5712","5,6235","5,5540","0,0063"
25/11/2021,"5,5664","5,5926","5,5991","5,5479","-0,0071"
26/11/2021,"5,6093","5,6561","5,6561","5,5719","0,0077"
29/11/2021,"5,6017","5,6085","5,6403","5,5794","-0,0014"
30/11/2021,"5,6239","5,6037","5,6704","5,5779","0,0040"
01/12/2021,"5,6955","5,6243","5,6959","5,5770","0,0127"
02/12/2021,"5,6462","5,6632","5,6791","5,6139","-0,0087"
03/12/2021,"5,6532","5,6514","5,6864","5,6007","0,0012"
06/12/2021,"5,6891","5,6532","5,7029","5,6350","0,0064"
07/12/2021,"5,6128","5,6890","5,6890","5,6085","-0,0134"
08/12/2021,"5,5327","5,6027","5,6364","5,5256","-0,0143"
09/12/2021,"5,5727","5,5374","5,5999","5,5176","0,0072"
10/12/2021,"5,6127","5,5600","5,6358","5,5580","0,0072"
13/12/2021,"5,6804","5,6105","5,6813","5,6012","0,0121"
14/12/2021,"5,6815","5,6682","5,6986","5,6179","0,0002"
15/12/2021,"5,6806","5,6873","5,7364","5,6574","-0,0002"
16/12/2021,"5,6884","5,6693","5,7256","5,6589","0,0014"
17/12/2021,"5,6959","5,6887","5,7167","5,6610","0,0013"
20/12/2021,"5,7420","5,7141","5,7467","5,6892","0,0081"
21/12/2021,"5,7451","5,7417","5,7578","5,7112","0,0005"
22/12/2021,"5,6540","5,7425","5,7442","5,6471","-0,0159"
23/12/2021,"5,6749","5,6554","5,7194","5,6259","0,0037"
24/12/2021,"5,6750","5,6753","5,6753","5,6753","0,0000"
27/12/2021,"5,6249","5,6701","5,7067","5,6236","-0,0088"
28/12/2021,"5,6283","5,6263","5,6628","5,6195","0,0006"
29/12/2021,"5,7032","5,6356","5,7105","5,6235","0,0133"
30/12/2021,"5,5710","5,6957","5,7039","5,5470","-0,0232"
31/12/2021,"5,5703","5,5715","5,5717","5,5711","-0,0001"
03/01/2022,"5,6818","5,5668","5,6827","5,5565","0,0200"
04/01/2022,"5,6770","5,6667","5,7113","5,6372","-0,0008"
05/01/2022,"5,7087","5,6774","5,7242","5,6419","0,0056"
06/01/2022,"5,6834","5,6878","5,7255","5,6694","-0,0044"
07/01/2022,"5,6355","5,6869","5,7107","5,6191","-0,0084"
10/01/2022,"5,6633","5,6340","5,6930","5,6286","0,0049"
11/01/2022,"5,5686","5,6657","5,6761","5,5635","-0,0167"
12/01/2022,"5,5338","5,5660","5,6012","5,5196","-0,0062"
13/01/2022,"5,5286","5,5350","5,5560","5,5005","-0,0009"
14/01/2022,"5,5344","5,5287","5,5537","5,5081","0,0010"
17/01/2022,"5,5165","5,5352","5,5390","5,4940","-0,0032"
18/01/2022,"5,5666","5,5217","5,5832","5,5043","0,0091"
19/01/2022,"5,4383","5,5485","5,5527","5,4372","-0,0230"
20/01/2022,"5,4191","5,4428","5,4620","5,3790","-0,0035"
21/01/2022,"5,4582","5,4220","5,4753","5,4035","0,0072"
24/01/2022,"5,4877","5,4528","5,5251","5,4528","0,0054"
25/01/2022,"5,4437","5,4880","5,5221","5,4278","-0,0080"
26/01/2022,"5,4324","5,4456","5,4677","5,3919","-0,0021"
27/01/2022,"5,4065","5,4336","5,4355","5,3532","-0,0048"
28/01/2022,"5,3674","5,4099","5,4331","5,3664","-0,0072"
31/01/2022,"5,3041","5,3698","5,3981","5,2837","-0,0118"
01/02/2022,"5,2655","5,2984","5,3182","5,2639","-0,0073"
02/02/2022,"5,2620","5,2687","5,3151","5,2540","-0,0007"
03/02/2022,"5,2839","5,2765","5,3233","5,2717","0,0042"
04/02/2022,"5,3279","5,3027","5,3510","5,2778","0,0083"
07/02/2022,"5,2636","5,3260","5,3283","5,2492","-0,0121"
08/02/2022,"5,2593","5,2634","5,2900","5,2508","-0,0008"
09/02/2022,"5,2354","5,2600","5,2910","5,2126","-0,0045"
10/02/2022,"5,2496","5,2389","5,2557","5,1728","0,0027"
11/02/2022,"5,2527","5,2365","5,2659","5,1805","0,0006"
14/02/2022,"5,2149","5,2560","5,2670","5,1954","-0,0072"
15/02/2022,"5,1590","5,2188","5,2212","5,1585","-0,0107"
16/02/2022,"5,1365","5,1601","5,1782","5,1225","-0,0044"
17/02/2022,"5,1718","5,1360","5,1840","5,1239","0,0069"
18/02/2022,"5,1385","5,1718","5,1766","5,1088","-0,0064"
21/02/2022,"5,1036","5,1374","5,1552","5,0746","-0,0068"
22/02/2022,"5,0583","5,1080","5,1080","5,0438","-0,0089"
23/02/2022,"5,0097","5,0621","5,0621","4,9939","-0,0096"
24/02/2022,"5,1231","5,0050","5,1640","5,0050","0,0226"
25/02/2022,"5,1623","5,1200","5,1810","5,0786","0,0077"
28/02/2022,"5,1599","5,1638","5,1654","5,1601","-0,0005"
01/03/2022,"5,1595","5,1605","5,1605","5,1605","-0,0001"
02/03/2022,"5,0995","5,2144","5,2233","5,0867","-0,0116"
03/03/2022,"5,0320","5,0978","5,1155","5,0189","-0,0132"
04/03/2022,"5,0620","5,0517","5,1018","5,0227","0,0060"
07/03/2022,"5,1115","5,0785","5,1152","5,0280","0,0098"
08/03/2022,"5,0599","5,0813","5,1011","5,0446","-0,0101"
09/03/2022,"5,0123","5,0286","5,0364","4,9850","-0,0094"
10/03/2022,"5,0110","5,0150","5,0765","5,0101","-0,0003"
11/03/2022,"5,0745","5,0131","5,0820","4,9820","0,0127"
14/03/2022,"5,1193","5,0591","5,1402","5,0373","0,0088"
15/03/2022,"5,1631","5,1224","5,1700","5,0922","0,0086"
16/03/2022,"5,0757","5,1599","5,1599","5,0718","-0,0169"
17/03/2022,"5,0390","5,0778","5,1080","5,0279","-0,0072"
18/03/2022,"5,0231","5,0407","5,0761","4,9924","-0,0032"
21/03/2022,"4,9354","5,0245","5,0299","4,9308","-0,0175"
22/03/2022,"4,9094","4,9366","4,9514","4,9048","-0,0053"
23/03/2022,"4,8258","4,9108","4,9214","4,8215","-0,0170"
24/03/2022,"4,8253","4,8263","4,8591","4,7649","-0,0001"
25/03/2022,"4,7420","4,8273","4,8298","4,7297","-0,0173"
28/03/2022,"4,7675","4,7525","4,8196","4,7326","0,0054"
29/03/2022,"4,7561","4,7680","4,7851","4,7149","-0,0024"
30/03/2022,"4,7685","4,7580","4,7925","4,7253","0,0026"
31/03/2022,"4,7390","4,7709","4,7965","4,7216","-0,0062"
01/04/2022,"4,6575","4,7408","4,7408","4,6525","-0,0172"
04/04/2022,"4,5928","4,6595","4,6751","4,5885","-0,0139"
05/04/2022,"4,6506","4,5950","4,6742","4,5805","0,0126"
06/04/2022,"4,7161","4,6523","4,7263","4,6460","0,0141"
07/04/2022,"4,7524","4,7093","4,7733","4,6895","0,0077"
08/04/2022,"4,6970","4,7534","4,7950","4,6935","-0,0117"
11/04/2022,"4,6944","4,7057","4,7397","4,6783","-0,0006"
12/04/2022,"4,6735","4,6892","4,6958","4,6215","-0,0045"
13/04/2022,"4,6899","4,6780","4,7057","4,6511","0,0035"
14/04/2022,"4,7013","4,6880","4,7418","4,6854","0,0024"
15/04/2022,"4,6965","4,6971","4,6971","4,6970","-0,0010"
18/04/2022,"4,6527","4,6971","4,7091","4,6439","-0,0093"
19/04/2022,"4,6675","4,6536","4,6866","4,6379","0,0032"
20/04/2022,"4,6219","4,6663","4,6804","4,6080","-0,0098"
21/04/2022,"4,6220","4,6224","4,6225","4,6224","0,0000"
22/04/2022,"4,7937","4,6214","4,8393","4,6214","0,0371"
25/04/2022,"4,8766","4,7974","4,9491","4,7974","0,0173"
26/04/2022,"4,9989","4,8777","5,0023","4,8777","0,0251"
27/04/2022,"4,9651","4,9992","5,0405","4,9277","-0,0068"
28/04/2022,"4,9425","4,9655","5,0460","4,9351","-0,0046"
29/04/2022,"4,9721","4,9404","4,9819","4,8588","0,0060"
02/05/2022,"5,0848","4,9692","5,0940","4,9657","0,0227"
03/05/2022,"4,9584","5,0840","5,0840","4,9559","-0,0249"
04/05/2022,"4,9198","4,9563","5,0368","4,8922","-0,0078"
05/05/2022,"5,0280","4,9200","5,0589","4,9174","0,0220"
06/05/2022,"5,0774","5,0293","5,1150","5,0070","0,0098"
09/05/2022,"5,1617","5,0784","5,1625","5,0784","0,0166"
10/05/2022,"5,1313","5,1622","5,1666","5,1090","-0,0059"
11/05/2022,"5,1373","5,1328","5,1717","5,0910","0,0012"
12/05/2022,"5,1339","5,1380","5,2103","5,1050","-0,0007"
13/05/2022,"5,0602","5,1347","5,1503","5,0456","-0,0144"
16/05/2022,"5,0599","5,0647","5,1045","5,0307","-0,0001"
17/05/2022,"4,9387","5,0617","5,0617","4,9261","-0,0240"
18/05/2022,"4,9682","4,9372","5,0005","4,9197","0,0060"
19/05/2022,"4,9309","4,9688","4,9694","4,8790","-0,0075"
20/05/2022,"4,8788","4,9315","4,9315","4,8519","-0,0106"
23/05/2022,"4,8130","4,8797","4,8797","4,7848","-0,0135"
24/05/2022,"4,8191","4,8125","4,8548","4,7750","0,0013"
25/05/2022,"4,8275","4,8191","4,8645","4,8048","0,0017"
26/05/2022,"4,7677","4,8260","4,8442","4,7501","-0,0124"
27/05/2022,"4,7295","4,7700","4,7819","4,7148","-0,0080"
30/05/2022,"4,7526","4,7311","4,7568","4,6904","0,0049"
31/05/2022,"4,7315","4,7539","4,7793","4,6975","-0,0044"
01/06/2022,"4,8151","4,7319","4,8180","4,7218","0,0177"
02/06/2022,"4,7962","4,8169","4,8169","4,7711","-0,0039"
03/06/2022,"4,7734","4,7970","4,8321","4,7715","-0,0048"
06/06/2022,"4,7945","4,7765","4,8073","4,7468","0,0044"
07/06/2022,"4,8696","4,7958","4,9352","4,7913","0,0157"
08/06/2022,"4,8988","4,8712","4,9082","4,8450","0,0060"
09/06/2022,"4,9063","4,8998","4,9207","4,8648","0,0015"
10/06/2022,"4,9865","4,9048","5,0124","4,8816","0,0163"
13/06/2022,"5,1154","4,9891","5,1383","4,9891","0,0258"
14/06/2022,"5,1168","5,1151","5,1518","5,0859","0,0003"
15/06/2022,"5,0536","5,1178","5,1351","5,0176","-0,0124"
16/06/2022,"5,0535","5,0538","5,0551","5,0538","0,0000"
17/06/2022,"5,1518","5,0540","5,1561","5,0540","0,0195"
20/06/2022,"5,1880","5,1534","5,1944","5,1361","0,0070"
21/06/2022,"5,1257","5,1905","5,1910","5,1167","-0,0120"
22/06/2022,"5,1940","5,1255","5,1962","5,1255","0,0133"
23/06/2022,"5,2406","5,1944","5,2477","5,1659","0,0090"
24/06/2022,"5,2417","5,2393","5,2763","5,2027","0,0002"
27/06/2022,"5,2366","5,2423","5,2755","5,2019","-0,0010"
28/06/2022,"5,2675","5,2387","5,2792","5,1876","0,0059"
29/06/2022,"5,1818","5,2680","5,2734","5,1755","-0,0163"
30/06/2022,"5,2562","5,1828","5,2715","5,1779","0,0144"
01/07/2022,"5,3310","5,2569","5,3402","5,2527","0,0142"
04/07/2022,"5,3293","5,3308","5,3353","5,2871","-0,0003"
05/07/2022,"5,3861","5,3299","5,4043","5,3287","0,0107"
06/07/2022,"5,4287","5,3870","5,4628","5,3870","0,0079"
07/07/2022,"5,3391","5,4299","5,4303","5,3296","-0,0165"
08/07/2022,"5,2536","5,3399","5,3696","5,2501","-0,0160"
11/07/2022,"5,3782","5,2551","5,3864","5,2551","0,0237"
12/07/2022,"5,4368","5,3786","5,4434","5,3695","0,0109"
13/07/2022,"5,3917","5,4377","5,4667","5,3610","-0,0083"
14/07/2022,"5,4233","5,3930","5,4906","5,3930","0,0059"
15/07/2022,"5,4082","5,4239","5,4492","5,3744","-0,0028"
18/07/2022,"5,4375","5,4093","5,4392","5,3518","0,0054"
19/07/2022,"5,4135","5,4381","5,4381","5,3646","-0,0044"
20/07/2022,"5,4714","5,4144","5,4730","5,3889","0,0107"
21/07/2022,"5,4968","5,4720","5,5152","5,4289","0,0046"
22/07/2022,"5,4968","5,4993","5,5047","5,4349","0,0000"
25/07/2022,"5,3576","5,4987","5,5010","5,3567","-0,0253"
26/07/2022,"5,3511","5,3576","5,3931","5,3346","-0,0012"
27/07/2022,"5,2432","5,3517","5,3526","5,2372","-0,0202"
28/07/2022,"5,1823","5,2442","5,2740","5,1578","-0,0116"
29/07/2022,"5,1734","5,1842","5,2222","5,1448","-0,0017"
01/08/2022,"5,1838","5,1759","5,2050","5,1269","0,0020"
02/08/2022,"5,2784","5,1857","5,2850","5,1857","0,0182"
03/08/2022,"5,2815","5,2796","5,3163","5,2430","0,0006"
04/08/2022,"5,2164","5,2844","5,2959","5,1987","-0,0123"
05/08/2022,"5,1646","5,2145","5,2782","5,1553","-0,0099"
08/08/2022,"5,1117","5,1638","5,1638","5,1023","-0,0102"
09/08/2022,"5,1237","5,1129","5,1522","5,0926","0,0023"
10/08/2022,"5,0927","5,1250","5,1422","5,0342","-0,0061"
11/08/2022,"5,1581","5,0945","5,1712","5,0605","0,0128"
12/08/2022,"5,0735","5,1592","5,1649","5,0640","-0,0164"
15/08/2022,"5,0961","5,0721","5,1409","5,0721","0,0045"
16/08/2022,"5,1459","5,0987","5,1549","5,0965","0,0098"
17/08/2022,"5,1642","5,1469","5,2144","5,1452","0,0036"
18/08/2022,"5,1674","5,1655","5,2075","5,1282","0,0006"
19/08/2022,"5,1697","5,1694","5,2199","5,1648","0,0004"
22/08/2022,"5,1574","5,1706","5,2046","5,1498","-0,0024"
23/08/2022,"5,1037","5,1577","5,1579","5,0701","-0,0104"
24/08/2022,"5,1114","5,1050","5,1244","5,0802","0,0015"
25/08/2022,"5,1099","5,1114","5,1437","5,0853","-0,0003"
26/08/2022,"5,0601","5,1103","5,1175","5,0541","-0,0097"
29/08/2022,"5,0282","5,0608","5,0917","5,0100","-0,0063"
30/08/2022,"5,1223","5,0285","5,1259","5,0077","0,0187"
31/08/2022,"5,1831","5,1229","5,2121","5,1229","0,0119"
01/09/2022,"5,2416","5,1833","5,2577","5,1462","0,0113"
02/09/2022,"5,1681","5,2422","5,2422","5,1575","-0,0140"
05/09/2022,"5,1516","5,1660","5,1906","5,1495","-0,0032"
06/09/2022,"5,2528","5,1547","5,2539","5,1532","0,0196"
07/09/2022,"5,2480","5,2507","5,2507","5,2483","-0,0009"
08/09/2022,"5,2141","5,2483","5,2523","5,1783","-0,0065"
09/09/2022,"5,1462","5,2143","5,2146","5,1378","-0,0130"
12/09/2022,"5,0930","5,1477","5,1477","5,0833","-0,0103"
13/09/2022,"5,1911","5,0918","5,2092","5,0766","0,0193"
14/09/2022,"5,1631","5,1922","5,1986","5,1495","-0,0054"
15/09/2022,"5,2470","5,1644","5,2502","5,1641","0,0162"
16/09/2022,"5,2531","5,2462","5,3104","5,2462","0,0012"
19/09/2022,"5,1670","5,2544","5,3030","5,1421","-0,0164"
20/09/2022,"5,1417","5,1705","5,2240","5,1407","-0,0049"
21/09/2022,"5,1716","5,1430","5,1941","5,1188","0,0058"
22/09/2022,"5,1166","5,1728","5,1860","5,1056","-0,0106"
23/09/2022,"5,2595","5,1173","5,2693","5,1164","0,0279"
26/09/2022,"5,3898","5,2603","5,4175","5,2603","0,0248"
27/09/2022,"5,3824","5,3910","5,3954","5,2963","-0,0014"
28/09/2022,"5,3745","5,3814","5,4236","5,3226","-0,0015"
29/09/2022,"5,3964","5,3765","5,4300","5,3730","0,0041"
30/09/2022,"5,4154","5,4013","5,4277","5,3282","0,0035"
03/10/2022,"5,1672","5,4158","5,4158","5,1526","-0,0458"
04/10/2022,"5,1770","5,1650","5,2219","5,1083","0,0019"
05/10/2022,"5,1940","5,1779","5,2443","5,1594","0,0033"
06/10/2022,"5,2217","5,1959","5,2334","5,1724","0,0053"
07/10/2022,"5,1996","5,2215","5,2534","5,1938","-0,0042"
10/10/2022,"5,1901","5,1999","5,2174","5,1625","-0,0018"
11/10/2022,"5,3005","5,1899","5,3057","5,1770","0,0213"
12/10/2022,"5,2930","5,3034","5,3034","5,2932","-0,0014"
13/10/2022,"5,2626","5,2725","5,3817","5,2288","-0,0057"
14/10/2022,"5,3252","5,2630","5,3347","5,2407","0,0119"
17/10/2022,"5,2808","5,3289","5,3308","5,2532","-0,0083"
18/10/2022,"5,2405","5,2833","5,2993","5,2336","-0,0076"
19/10/2022,"5,2700","5,2414","5,2998","5,2411","0,0056"
20/10/2022,"5,2147","5,2707","5,2716","5,1922","-0,0105"
21/10/2022,"5,1605","5,2180","5,2774","5,1404","-0,0104"
24/10/2022,"5,3032","5,1649","5,3101","5,1648","0,0277"
25/10/2022,"5,3167","5,3037","5,3581","5,2757","0,0025"
26/10/2022,"5,3804","5,3166","5,3879","5,2797","0,0120"
27/10/2022,"5,3449","5,3807","5,3927","5,2406","-0,0066"
28/10/2022,"5,2949","5,3451","5,3832","5,2800","-0,0094"
31/10/2022,"5,1791","5,2962","5,4083","5,1531","-0,0219"
01/11/2022,"5,1475","5,1803","5,2069","5,0830","-0,0061"
02/11/2022,"5,1432","5,1475","5,1480","5,1437","-0,0008"
03/11/2022,"5,1137","5,1437","5,2244","5,0830","-0,0057"
04/11/2022,"5,0557","5,1170","5,1170","5,0184","-0,0113"
07/11/2022,"5,1567","5,0571","5,1757","5,0461","0,0200"
08/11/2022,"5,1440","5,1572","5,2488","5,1298","-0,0025"
09/11/2022,"5,1864","5,1444","5,2014","5,1364","0,0082"
10/11/2022,"5,3449","5,1869","5,4155","5,1869","0,0306"
11/11/2022,"5,3250","5,3454","5,4066","5,2484","-0,0037"
14/11/2022,"5,3321","5,3253","5,3527","5,2589","0,0013"
15/11/2022,"5,3325","5,3333","5,3333","5,3328","0,0001"
16/11/2022,"5,3998","5,3330","5,4057","5,2868","0,0126"
17/11/2022,"5,4231","5,4003","5,5307","5,3866","0,0043"
18/11/2022,"5,3827","5,4236","5,4236","5,3253","-0,0074"
21/11/2022,"5,3200","5,3832","5,3836","5,2976","-0,0116"
22/11/2022,"5,3586","5,3203","5,4005","5,2794","0,0073"
23/11/2022,"5,3591","5,3591","5,4127","5,3440","0,0001"
24/11/2022,"5,3208","5,3596","5,3596","5,2991","-0,0071"
25/11/2022,"5,4098","5,3213","5,4251","5,3040","0,0167"
28/11/2022,"5,3654","5,4080","5,4307","5,3478","-0,0082"
29/11/2022,"5,2695","5,3658","5,3658","5,2698","-0,0179"
30/11/2022,"5,1851","5,2700","5,3189","5,1733","-0,0160"
01/12/2022,"5,1848","5,1856","5,2175","5,1628","-0,0001"
02/12/2022,"5,2189","5,1852","5,2410","5,1616","0,0066"
05/12/2022,"5,2809","5,2170","5,2916","5,2060","0,0119"
06/12/2022,"5,2352","5,2811","5,2811","5,2183","-0,0087"
07/12/2022,"5,2048","5,2357","5,2782","5,1841","-0,0058"
08/12/2022,"5,2253","5,2053","5,2530","5,1905","0,0039"
09/12/2022,"5,2400","5,2258","5,2840","5,2161","0,0028"
12/12/2022,"5,3226","5,2404","5,3520","5,2309","0,0158"
13/12/2022,"5,2938","5,3231","5,3358","5,2418","-0,0054"
14/12/2022,"5,2787","5,2941","5,3730","5,2734","-0,0029"
15/12/2022,"5,3130","5,2792","5,3481","5,2792","0,0065"
16/12/2022,"5,3140","5,3133","5,3326","5,2620","0,0002"
19/12/2022,"5,2930","5,3145","5,3404","5,2888","-0,0040"
20/12/2022,"5,1996","5,2934","5,3257","5,1757","-0,0176"
21/12/2022,"5,2009","5,2001","5,2207","5,1586","0,0003"
22/12/2022,"5,1665","5,2013","5,2243","5,1585","-0,0066"
23/12/2022,"5,1652","5,1670","5,1789","5,1160","-0,0003"
26/12/2022,"5,2186","5,1669","5,2210","5,1545","0,0103"
27/12/2022,"5,2928","5,2189","5,3028","5,1940","0,0142"
28/12/2022,"5,2676","5,2967","5,2967","5,2260","-0,0048"
29/12/2022,"5,2860","5,2681","5,3049","5,1895","0,0035"
30/12/2022,"5,2860","5,2860","5,2860","5,2860","0,0000"
02/01/2023,"5,3633","5,2865","5,3671","5,2861","0,0146"
03/01/2023,"5,4797","5,3638","5,4802","5,3396","0,0217"
04/01/2023,"5,4312","5,4799","5,4799","5,4248","-0,0089"
05/01/2023,"5,3509","5,4315","5,4315","5,3478","-0,0148"
06/01/2023,"5,2254","5,3514","5,3697","5,2186","-0,0235"
09/01/2023,"5,2546","5,2259","5,3094","5,2259","0,0056"
10/01/2023,"5,1997","5,2580","5,2768","5,1974","-0,0104"
11/01/2023,"5,1600","5,2000","5,2345","5,1592","-0,0076"
12/01/2023,"5,1082","5,1603","5,1858","5,0684","-0,0100"
13/01/2023,"5,0956","5,1087","5,1554","5,0776","-0,0025"
16/01/2023,"5,1474","5,0957","5,1624","5,0922","0,0102"
17/01/2023,"5,1003","5,1512","5,1589","5,0957","-0,0092"
18/01/2023,"5,1863","5,1007","5,1901","5,0655","0,0169"
19/01/2023,"5,1741","5,1868","5,2562","5,1631","-0,0024"
20/01/2023,"5,2074","5,1746","5,2400","5,1639","0,0064"
23/01/2023,"5,2076","5,2079","5,2207","5,1634","0,0000"
24/01/2023,"5,1392","5,2080","5,2207","5,1344","-0,0131"
25/01/2023,"5,0734","5,1397","5,1500","5,0679","-0,0128"
26/01/2023,"5,0658","5,0736","5,1200","5,0585","-0,0015"
27/01/2023,"5,1089","5,0663","5,1174","5,0560","0,0085"
30/01/2023,"5,1162","5,1065","5,1339","5,0827","0,0014"
31/01/2023,"5,0731","5,1167","5,1418","5,0703","-0,0084"
01/02/2023,"5,0547","5,0736","5,1130","5,0426","-0,0036"
02/02/2023,"5,0504","5,0552","5,0557","4,9401","-0,0009"
03/02/2023,"5,1522","5,0509","5,1589","5,0509","0,0202"
06/02/2023,"5,1464","5,1525","5,2138","5,1407","-0,0011"
07/02/2023,"5,2101","5,1481","5,2184","5,1326","0,0124"
08/02/2023,"5,2007","5,2106","5,2459","5,1659","-0,0018"
09/02/2023,"5,2911","5,2012","5,2934","5,1721","0,0174"
10/02/2023,"5,2151","5,2916","5,3092","5,2091","-0,0144"
13/02/2023,"5,1596","5,2156","5,2278","5,1570","-0,0106"
14/02/2023,"5,1923","5,1600","5,2292","5,1281","0,0063"
15/02/2023,"5,2190","5,1927","5,2406","5,1897","0,0051"
16/02/2023,"5,2178","5,2195","5,2603","5,1961","-0,0002"
17/02/2023,"5,1674","5,2181","5,2538","5,1496","-0,0097"
20/02/2023,"5,1674","5,1679","5,1679","5,1679","0,0000"
21/02/2023,"5,1675","5,1679","5,1680","5,1655","0,0000"
22/02/2023,"5,1522","5,1680","5,2133","5,1515","-0,0030"
23/02/2023,"5,1373","5,1527","5,1758","5,1093","-0,0029"
24/02/2023,"5,2100","5,1378","5,2144","5,1350","0,0142"
27/02/2023,"5,2008","5,2071","5,2134","5,1706","-0,0018"
28/02/2023,"5,2367","5,2013","5,2519","5,1788","0,0069"
01/03/2023,"5,1794","5,2369","5,2369","5,1747","-0,0109"
02/03/2023,"5,2006","5,1796","5,2288","5,1795","0,0041"
03/03/2023,"5,1956","5,2011","5,2302","5,1820","-0,0010"
06/03/2023,"5,1534","5,1990","5,2179","5,1516","-0,0081"
07/03/2023,"5,1910","5,1539","5,2059","5,1522","0,0073"
08/03/2023,"5,1453","5,1913","5,1913","5,1003","-0,0088"
09/03/2023,"5,1645","5,1458","5,1706","5,1093","0,0037"
10/03/2023,"5,2166","5,1650","5,2216","5,1509","0,0101"
13/03/2023,"5,2459","5,2171","5,2835","5,2106","0,0056"
14/03/2023,"5,2543","5,2472","5,2629","5,2208","0,0016"
15/03/2023,"5,2882","5,2539","5,3289","5,2505","0,0065"
16/03/2023,"5,2285","5,2884","5,3117","5,2221","-0,0113"
17/03/2023,"5,2778","5,2297","5,2855","5,2294","0,0094"
20/03/2023,"5,2368","5,2756","5,2853","5,2295","-0,0078"
21/03/2023,"5,2430","5,2371","5,2549","5,2130","0,0012"
22/03/2023,"5,2369","5,2438","5,2800","5,2042","-0,0012"
23/03/2023,"5,2973","5,2372","5,3016","5,2024","0,0115"
24/03/2023,"5,2463","5,2976","5,3421","5,2380","-0,0096"
27/03/2023,"5,1983","5,2466","5,2509","5,1926","-0,0091"
28/03/2023,"5,1655","5,1986","5,1993","5,1477","-0,0063"
29/03/2023,"5,1356","5,1660","5,1846","5,1262","-0,0058"
30/03/2023,"5,0938","5,1367","5,1610","5,0723","-0,0081"
31/03/2023,"5,0631","5,0947","5,1094","5,0547","-0,0060"
03/04/2023,"5,0632","5,0637","5,0834","5,0382","0,0000"
04/04/2023,"5,0716","5,0643","5,1002","5,0493","0,0017"
05/04/2023,"5,0340","5,0724","5,0778","5,0163","-0,0074"
06/04/2023,"5,0570","5,0345","5,0837","5,0342","0,0046"
07/04/2023,"5,0549","5,0599","5,0599","5,0559","-0,0004"
10/04/2023,"5,0655","5,0559","5,0938","5,0368","0,0021"
11/04/2023,"5,0054","5,0667","5,0675","4,9886","-0,0119"
12/04/2023,"4,9181","5,0077","5,0108","4,9155","-0,0174"
13/04/2023,"4,9272","4,9190","4,9405","4,8927","0,0019"
14/04/2023,"4,9096","4,9279","4,9653","4,8922","-0,0036"
17/04/2023,"4,9413","4,9102","4,9573","4,8988","0,0065"
18/04/2023,"4,9840","4,9415","4,9974","4,9097","0,0086"
19/04/2023,"5,0753","4,9859","5,0895","4,9859","0,0183"
20/04/2023,"5,0486","5,0759","5,0864","5,0360","-0,0053"
21/04/2023,"5,0486","5,0493","5,0493","5,0489","0,0000"
24/04/2023,"5,0337","5,0481","5,0863","5,0339","-0,0030"
25/04/2023,"5,0497","5,0348","5,0845","5,0294","0,0032"
26/04/2023,"5,0435","5,0542","5,0746","5,0353","-0,0012"
27/04/2023,"4,9771","5,0445","5,0490","4,9693","-0,0132"
28/04/2023,"4,9865","4,9776","5,0200","4,9776","0,0019"
01/05/2023,"4,9889","4,9875","4,9895","4,9875","0,0005"
02/05/2023,"5,0387","4,9893","5,0535","4,9889","0,0100"
03/05/2023,"4,9949","5,0398","5,0524","4,9812","-0,0087"
04/05/2023,"4,9822","4,9959","5,0346","4,9694","-0,0025"
05/05/2023,"4,9518","4,9847","5,0080","4,9250","-0,0061"
08/05/2023,"5,0097","4,9531","5,0186","4,9410","0,0117"
09/05/2023,"4,9862","5,0097","5,0374","4,9728","-0,0047"
10/05/2023,"4,9424","4,9882","4,9914","4,9345","-0,0088"
11/05/2023,"4,9295","4,9443","4,9847","4,9254","-0,0026"
12/05/2023,"4,9195","4,9308","4,9567","4,9079","-0,0020"
15/05/2023,"4,8904","4,9196","4,9335","4,8853","-0,0059"
16/05/2023,"4,9402","4,8893","4,9542","4,8847","0,0102"
17/05/2023,"4,9396","4,9411","4,9714","4,9226","-0,0001"
18/05/2023,"4,9652","4,9401","4,9818","4,9391","0,0052"
19/05/2023,"4,9981","4,9668","5,0033","4,9433","0,0066"
22/05/2023,"4,9667","4,9983","5,0063","4,9528","-0,0063"
23/05/2023,"4,9714","4,9665","4,9952","4,9503","0,0009"
24/05/2023,"4,9619","4,9717","4,9767","4,9349","-0,0019"
25/05/2023,"5,0356","4,9618","5,0448","4,9422","0,0149"
26/05/2023,"4,9939","5,0375","5,0375","4,9774","-0,0083"
29/05/2023,"5,0171","4,9942","5,0209","4,9736","0,0046"
30/05/2023,"5,0357","5,0174","5,0700","4,9990","0,0037"
31/05/2023,"5,0574","5,0365","5,1279","5,0365","0,0043"
01/06/2023,"5,0140","5,0553","5,0588","5,0044","-0,0086"
02/06/2023,"4,9571","5,0148","5,0152","4,9453","-0,0113"
05/06/2023,"4,9289","4,9581","4,9765","4,9121","-0,0057"
06/06/2023,"4,9125","4,9292","4,9564","4,9004","-0,0033"
07/06/2023,"4,9235","4,9134","4,9325","4,8995","0,0022"
08/06/2023,"4,9235","4,9235","4,9235","4,9235","0,0000"
09/06/2023,"4,8791","4,9208","4,9276","4,8524","-0,0090"
12/06/2023,"4,8613","4,8794","4,9007","4,8611","-0,0036"
13/06/2023,"4,8622","4,8622","4,8799","4,8475","0,0002"
14/06/2023,"4,8146","4,8627","4,8678","4,7962","-0,0098"
15/06/2023,"4,8102","4,8144","4,8446","4,7949","-0,0009"
16/06/2023,"4,8199","4,8112","4,8506","4,8060","0,0020"
19/06/2023,"4,7772","4,8202","4,8320","4,7587","-0,0089"
20/06/2023,"4,7902","4,7780","4,8086","4,7734","0,0027"
21/06/2023,"4,7630","4,7907","4,8170","4,7624","-0,0057"
22/06/2023,"4,7689","4,7648","4,7884","4,7507","0,0012"
23/06/2023,"4,7864","4,7719","4,8073","4,7653","0,0037"
26/06/2023,"4,7675","4,7838","4,7870","4,7579","-0,0039"
27/06/2023,"4,8103","4,7650","4,8148","4,7505","0,0090"
28/06/2023,"4,8506","4,8121","4,8717","4,8097","0,0084"
29/06/2023,"4,8553","4,8516","4,8750","4,8283","0,0010"
30/06/2023,"4,7860","4,8559","4,8709","4,7828","-0,0143"
03/07/2023,"4,8077","4,7885","4,8124","4,7592","0,0045"
04/07/2023,"4,8408","4,8079","4,8500","4,7828","0,0069"
05/07/2023,"4,8478","4,8413","4,8710","4,8348","0,0014"
06/07/2023,"4,9193","4,8460","4,9507","4,8412","0,0147"
07/07/2023,"4,8720","4,9195","4,9360","4,8474","-0,0096"
10/07/2023,"4,8978","4,8696","4,9038","4,8535","0,0053"
11/07/2023,"4,8538","4,8985","4,9235","4,8520","-0,0090"
12/07/2023,"4,8184","4,8532","4,8616","4,7832","-0,0073"
13/07/2023,"4,7971","4,8201","4,8273","4,7858","-0,0044"
14/07/2023,"4,7894","4,7965","4,8154","4,7757","-0,0016"
17/07/2023,"4,8066","4,7896","4,8507","4,7896","0,0036"
18/07/2023,"4,8105","4,8067","4,8281","4,7943","0,0008"
19/07/2023,"4,7909","4,8108","4,8224","4,7790","-0,0041"
20/07/2023,"4,7980","4,7920","4,8123","4,7681","0,0015"
21/07/2023,"4,7795","4,8012","4,8257","4,7597","-0,0039"
24/07/2023,"4,7271","4,7797","4,7840","4,7229","-0,0110"
25/07/2023,"4,7498","4,7274","4,7604","4,7159","0,0048"
26/07/2023,"4,7364","4,7508","4,7561","4,7220","-0,0028"
27/07/2023,"4,7424","4,7380","4,7596","4,7081","0,0013"
28/07/2023,"4,7336","4,7435","4,7500","4,6950","-0,0019"
31/07/2023,"4,7241","4,7304","4,7607","4,7130","-0,0020"
01/08/2023,"4,7911","4,7295","4,8008","4,7280","0,0142"
02/08/2023,"4,8120","4,7935","4,8225","4,7807","0,0044"
03/08/2023,"4,9170","4,8126","4,9224","4,8123","0,0218"
04/08/2023,"4,8733","4,9185","4,9201","4,8453","-0,0089"
07/08/2023,"4,8999","4,8735","4,9152","4,8681","0,0055"
08/08/2023,"4,8996","4,8985","4,9418","4,8895","-0,0001"
09/08/2023,"4,9020","4,9009","4,9166","4,8738","0,0005"
10/08/2023,"4,8924","4,9029","4,9057","4,8400","-0,0020"
11/08/2023,"4,9048","4,8930","4,9104","4,8608","0,0025"
14/08/2023,"4,9615","4,9126","4,9716","4,9102","0,0116"
15/08/2023,"4,9845","4,9636","4,9983","4,9588","0,0046"
16/08/2023,"4,9879","4,9859","4,9931","4,9502","0,0007"
17/08/2023,"4,9758","4,9883","4,9970","4,9583","-0,0024"
18/08/2023,"4,9694","4,9760","5,0024","4,9567","-0,0013"
21/08/2023,"4,9793","4,9684","4,9967","4,9563","0,0020"
22/08/2023,"4,9386","4,9802","4,9805","4,9251","-0,0082"
23/08/2023,"4,8572","4,9367","4,9433","4,8457","-0,0165"
24/08/2023,"4,8802","4,8576","4,8880","4,8545","0,0047"
25/08/2023,"4,8711","4,8816","4,9014","4,8560","-0,0019"
28/08/2023,"4,8731","4,8719","4,9121","4,8630","0,0004"
29/08/2023,"4,8523","4,8753","4,9027","4,8481","-0,0043"
30/08/2023,"4,8890","4,8536","4,8924","4,8424","0,0076"
31/08/2023,"4,9544","4,8876","4,9613","4,8639","0,0134"
01/09/2023,"4,9463","4,9555","4,9558","4,8997","-0,0016"
04/09/2023,"4,9376","4,9485","4,9490","4,9069","-0,0018"
05/09/2023,"4,9671","4,9376","4,9866","4,9376","0,0060"
06/09/2023,"4,9784","4,9680","4,9953","4,9536","0,0023"
07/09/2023,"4,9767","4,9787","4,9787","4,9773","-0,0003"
08/09/2023,"4,9882","4,9787","4,9949","4,9636","0,0023"
11/09/2023,"4,9307","4,9845","4,9867","4,9202","-0,0115"
12/09/2023,"4,9470","4,9307","4,9690","4,9307","0,0033"
13/09/2023,"4,9153","4,9474","4,9683","4,8945","-0,0064"
14/09/2023,"4,8668","4,9167","4,9214","4,8620","-0,0099"
15/09/2023,"4,8663","4,8682","4,8802","4,8584","-0,0001"
18/09/2023,"4,8556","4,8685","4,8784","4,8408","-0,0022"
19/09/2023,"4,8673","4,8553","4,8761","4,8390","0,0024"
20/09/2023,"4,8801","4,8670","4,8840","4,8422","0,0026"
21/09/2023,"4,9351","4,8802","4,9396","4,8795","0,0113"
22/09/2023,"4,9351","4,9367","4,9381","4,9033","0,0000"
25/09/2023,"4,9678","4,9320","4,9759","4,9320","0,0066"
26/09/2023,"4,9898","4,9684","4,9942","4,9519","0,0044"
27/09/2023,"5,0425","4,9911","5,0800","4,9864","0,0106"
28/09/2023,"5,0331","5,0436","5,0702","5,0140","-0,0019"
29/09/2023,"5,0320","5,0335","5,0406","4,9876","-0,0002"
02/10/2023,"5,0610","5,0308","5,0810","5,0308","0,0058"
03/10/2023,"5,1669","5,0637","5,1739","5,0637","0,0209"
04/10/2023,"5,1562","5,1673","5,1789","5,1231","-0,0021"
05/10/2023,"5,1658","5,1550","5,1884","5,1494","0,0019"
06/10/2023,"5,1457","5,1668","5,2210","5,1424","-0,0039"
09/10/2023,"5,1355","5,1615","5,1820","5,1210","-0,0020"
10/10/2023,"5,0516","5,1353","5,1400","5,0471","-0,0163"
11/10/2023,"5,0483","5,0518","5,0714","5,0280","-0,0007"
12/10/2023,"5,0460","5,0501","5,0501","5,0449","-0,0005"
13/10/2023,"5,0801","5,0504","5,1031","5,0448","0,0068"
16/10/2023,"5,0377","5,0532","5,0725","5,0315","-0,0083"
17/10/2023,"5,0414","5,0390","5,0659","5,0093","0,0007"
18/10/2023,"5,0591","5,0415","5,0762","5,0278","0,0035"
19/10/2023,"5,0646","5,0598","5,0838","5,0188","0,0011"
20/10/2023,"5,0312","5,0648","5,0990","5,0246","-0,0066"
23/10/2023,"5,0112","5,0328","5,0545","4,9953","-0,0040"
24/10/2023,"4,9908","5,0142","5,0312","4,9892","-0,0041"
25/10/2023,"4,9947","4,9928","5,0201","4,9853","0,0008"
26/10/2023,"4,9861","4,9963","5,0196","4,9861","-0,0017"
27/10/2023,"5,0152","4,9868","5,0202","4,9306","0,0058"
30/10/2023,"5,0472","5,0143","5,0602","4,9717","0,0064"
31/10/2023,"5,0350","5,0475","5,0717","5,0085","-0,0024"
01/11/2023,"4,9534","5,0357","5,0457","4,9509","-0,0162"
02/11/2023,"4,9534","4,9534","4,9534","4,9534","0,0000"
03/11/2023,"4,9012","4,9555","4,9555","4,8753","-0,0105"
06/11/2023,"4,8853","4,9031","4,9120","4,8813","-0,0032"
07/11/2023,"4,8724","4,8815","4,9080","4,8585","-0,0026"
08/11/2023,"4,9103","4,8736","4,9175","4,8706","0,0078"
09/11/2023,"4,9342","4,9063","4,9476","4,8916","0,0049"
10/11/2023,"4,9013","4,9341","4,9549","4,9018","-0,0067"
13/11/2023,"4,9075","4,9009","4,9427","4,9008","0,0013"
14/11/2023,"4,8654","4,9079","4,9092","4,8472","-0,0086"
15/11/2023,"4,8620","4,8625","4,8630","4,8610","-0,0007"
16/11/2023,"4,8632","4,8625","4,8876","4,8363","0,0002"
17/11/2023,"4,9059","4,8636","4,9127","4,8509","0,0088"
20/11/2023,"4,8543","4,9025","4,9064","4,8464","-0,0105"
21/11/2023,"4,9006","4,8576","4,9093","4,8425","0,0095"
22/11/2023,"4,9068","4,9050","4,9205","4,8775","0,0013"
23/11/2023,"4,9039","4,9074","4,9093","4,8861","-0,0006"
24/11/2023,"4,9020","4,9076","4,9089","4,8826","-0,0004"
27/11/2023,"4,8964","4,9060","4,9222","4,8718","-0,0011"
28/11/2023,"4,8705","4,9050","4,9099","4,8575","-0,0053"
29/11/2023,"4,9029","4,8711","4,9077","4,8639","0,0067"
30/11/2023,"4,9205","4,9060","4,9459","4,9050","0,0036"
01/12/2023,"4,8801","4,9265","4,9378","4,8675","-0,0082"
04/12/2023,"4,9432","4,8780","4,9539","4,8780","0,0129"
05/12/2023,"4,9306","4,9449","4,9680","4,9228","-0,0025"
06/12/2023,"4,9022","4,9302","4,9310","4,8883","-0,0058"
07/12/2023,"4,9115","4,9026","4,9152","4,8790","0,0019"
08/12/2023,"4,9317","4,9083","4,9368","4,8941","0,0041"
11/12/2023,"4,9386","4,9268","4,9601","4,9260","0,0014"
12/12/2023,"4,9631","4,9335","4,9740","4,9220","0,0050"
13/12/2023,"4,9197","4,9663","4,9773","4,9145","-0,0087"
14/12/2023,"4,9155","4,8755","4,9180","4,8749","-0,0009"
15/12/2023,"4,9371","4,9121","4,9517","4,9040","0,0044"
18/12/2023,"4,8967","4,9414","4,9520","4,8903","-0,0082"
19/12/2023,"4,8675","4,9027","4,9038","4,8505","-0,0060"
20/12/2023,"4,9163","4,8642","4,9193","4,8566","0,0100"
21/12/2023,"4,8844","4,9146","4,9146","4,8633","-0,0065"
22/12/2023,"4,8585","4,8865","4,8908","4,8481","-0,0053"
25/12/2023,"4,8585","4,8585","4,8585","4,8585","0,0000"
26/12/2023,"4,8140","4,8513","4,8614","4,8135","-0,0092"
27/12/2023,"4,8267","4,8107","4,8408","4,8018","0,0026"
28/12/2023,"4,8521","4,8323","4,8714","4,8175","0,0053"
29/12/2023,"4,8521","4,8521","4,8521","4,8521","0,0000"
01/01/2024,"4,8526","4,8534","4,8534","4,8534","0,0001"
02/01/2024,"4,9235","4,8533","4,9240","4,8489","0,0146"
03/01/2024,"4,9198","4,9174","4,9397","4,8991","-0,0008"
04/01/2024,"4,8968","4,9181","4,9366","4,8953","-0,0047"
05/01/2024,"4,8743","4,9089","4,9407","4,8597","-0,0046"
08/01/2024,"4,8700","4,8781","4,9014","4,8630","-0,0009"
09/01/2024,"4,9038","4,8737","4,9098","4,8703","0,0069"
10/01/2024,"4,8909","4,9072","4,9072","4,8776","-0,0026"
11/01/2024,"4,8700","4,8930","4,8951","4,8580","-0,0043"
12/01/2024,"4,8539","4,8712","4,8787","4,8309","-0,0033"
15/01/2024,"4,8628","4,8566","4,8868","4,8427","0,0018"
16/01/2024,"4,9258","4,8615","4,9338","4,8614","0,0130"
17/01/2024,"4,9349","4,9299","4,9547","4,9224","0,0018"
18/01/2024,"4,9269","4,9349","4,9561","4,9127","-0,0016"
19/01/2024,"4,9310","4,9299","4,9396","4,9020","0,0008"
22/01/2024,"4,9892","4,9338","4,9932","4,9230","0,0118"
23/01/2024,"4,9535","4,9885","5,0023","4,9479","-0,0072"
24/01/2024,"4,9335","4,9525","4,9538","4,9075","-0,0040"
25/01/2024,"4,9165","4,9306","4,9418","4,9066","-0,0034"
26/01/2024,"4,9168","4,9063","4,9210","4,9018","0,0001"
29/01/2024,"4,9518","4,9175","4,9585","4,9056","0,0071"
30/01/2024,"4,9516","4,9433","4,9819","4,9332","0,0000"
31/01/2024,"4,9526","4,9501","4,9668","4,9250","0,0002"
01/02/2024,"4,9163","4,9496","4,9697","4,9100","-0,0073"
02/02/2024,"4,9699","4,9167","4,9764","4,9072","0,0109"
05/02/2024,"4,9854","4,9663","5,0184","4,9661","0,0031"
06/02/2024,"4,9634","4,9879","4,9891","4,9508","-0,0044"
07/02/2024,"4,9685","4,9600","4,9749","4,9525","0,0010"
08/02/2024,"4,9920","4,9717","5,0017","4,9676","0,0047"
09/02/2024,"4,9517","4,9903","4,9918","4,9497","-0,0081"
12/02/2024,"4,9536","4,9537","4,9570","4,9535","0,0004"
13/02/2024,"4,9536","4,9537","4,9570","4,9520","0,0000"
14/02/2024,"4,9690","4,9537","4,9797","4,9535","0,0031"
15/02/2024,"4,9732","4,9740","4,9833","4,9564","0,0008"
16/02/2024,"4,9665","4,9737","4,9894","4,9594","-0,0013"
19/02/2024,"4,9564","4,9686","4,9713","4,9514","-0,0020"
20/02/2024,"4,9275","4,9570","4,9654","4,9246","-0,0058"
21/02/2024,"4,9358","4,9278","4,9468","4,9194","0,0017"
22/02/2024,"4,9605","4,9382","4,9659","4,9186","0,0050"
23/02/2024,"4,9951","4,9610","4,9978","4,9595","0,0070"
26/02/2024,"4,9799","4,9943","4,9963","4,9703","-0,0030"
27/02/2024,"4,9335","4,9802","4,9839","4,9281","-0,0093"
28/02/2024,"4,9675","4,9338","4,9764","4,9316","0,0069"
29/02/2024,"4,9716","4,9689","4,9993","4,9619","0,0008"
01/03/2024,"4,9541","4,9708","4,9750","4,9458","-0,0035"
04/03/2024,"4,9458","4,9545","4,9588","4,9404","-0,0017"
05/03/2024,"4,9581","4,9471","4,9622","4,9398","0,0025"
06/03/2024,"4,9446","4,9586","4,9611","4,9328","-0,0027"
07/03/2024,"4,9350","4,9451","4,9473","4,9311","-0,0019"
08/03/2024,"4,9806","4,9345","4,9923","4,9341","0,0092"
11/03/2024,"4,9771","4,9835","5,0004","4,9598","-0,0007"
12/03/2024,"4,9718","4,9780","4,9957","4,9581","-0,0011"
13/03/2024,"4,9700","4,9720","4,9887","4,9621","-0,0004"
14/03/2024,"4,9895","4,9705","4,9945","4,9530","0,0039"
15/03/2024,"4,9949","4,9897","5,0022","4,9812","0,0011"
18/03/2024,"5,0253","4,9960","5,0324","4,9834","0,0061"
19/03/2024,"5,0301","5,0261","5,0557","5,0100","0,0010"
20/03/2024,"4,9691","5,0313","5,0354","4,9649","-0,0121"
21/03/2024,"4,9781","4,9688","4,9865","4,9504","0,0018"
22/03/2024,"4,9997","4,9781","5,0099","4,9739","0,0043"
25/03/2024,"4,9751","5,0023","5,0065","4,9718","-0,0049"
26/03/2024,"4,9808","4,9752","4,9942","4,9651","0,0011"
27/03/2024,"4,9866","4,9816","4,9942","4,9716","0,0012"
28/03/2024,"5,0129","4,9871","5,0184","4,9788","0,0053"
29/03/2024,"5,0153","5,0155","5,0163","5,0139","0,0005"
01/04/2024,"5,0543","5,0147","5,0708","5,0093","0,0078"
02/04/2024,"5,0576","5,0551","5,0631","5,0216","0,0007"
03/04/2024,"5,0393","5,0584","5,0921","5,0349","-0,0036"
04/04/2024,"5,0538","5,0392","5,0574","5,0043","0,0029"
05/04/2024,"5,0655","5,0549","5,0746","5,0280","0,0023"
08/04/2024,"5,0268","5,0665","5,0759","5,0247","-0,0076"
09/04/2024,"5,0090","5,0281","5,0310","4,9995","-0,0035"
10/04/2024,"5,0746","5,0092","5,0863","4,9970","0,0131"
11/04/2024,"5,0917","5,0735","5,0931","5,0580","0,0034"
12/04/2024,"5,1175","5,0922","5,1487","5,0890","0,0051"
15/04/2024,"5,1846","5,1149","5,2153","5,1031","0,0131"
16/04/2024,"5,2826","5,1851","5,2873","5,1817","0,0189"
17/04/2024,"5,2420","5,2829","5,2916","5,2194","-0,0077"
18/04/2024,"5,2482","5,2421","5,2789","5,2284","0,0012"
19/04/2024,"5,2027","5,2485","5,2778","5,1849","-0,0087"
22/04/2024,"5,1680","5,2021","5,2189","5,1633","-0,0067"
23/04/2024,"5,1260","5,1674","5,1894","5,1182","-0,0081"
24/04/2024,"5,1457","5,1263","5,1720","5,1238","0,0038"
25/04/2024,"5,1602","5,1472","5,1935","5,1099","0,0028"
26/04/2024,"5,1151","5,1615","5,1673","5,1085","-0,0087"
29/04/2024,"5,1189","5,1170","5,1227","5,1020","0,0007"
30/04/2024,"5,1934","5,1190","5,1975","5,1133","0,0146"
01/05/2024,"5,1936","5,1940","5,1999","5,1929","0,0000"
02/05/2024,"5,1113","5,1940","5,1940","5,0995","-0,0158"
03/05/2024,"5,0722","5,1110","5,1164","5,0437","-0,0076"
06/05/2024,"5,0758","5,0725","5,0917","5,0602","0,0007"
07/05/2024,"5,0707","5,0770","5,0847","5,0484","-0,0010"
08/05/2024,"5,0909","5,0712","5,1083","5,0688","0,0040"
09/05/2024,"5,1412","5,0914","5,1775","5,0875","0,0099"
10/05/2024,"5,1584","5,1424","5,1614","5,1165","0,0033"
13/05/2024,"5,1511","5,1588","5,1649","5,1230","-0,0014"
14/05/2024,"5,1299","5,1511","5,1614","5,1234","-0,0041"
15/05/2024,"5,1373","5,1302","5,1711","5,1204","0,0014"
16/05/2024,"5,1288","5,1373","5,1400","5,1047","-0,0017"
17/05/2024,"5,1031","5,1288","5,1385","5,1003","-0,0050"
20/05/2024,"5,1033","5,1035","5,1293","5,0903","0,0000"
21/05/2024,"5,1225","5,1040","5,1254","5,0838","0,0038"
22/05/2024,"5,1503","5,1228","5,1643","5,1219","0,0054"
23/05/2024,"5,1442","5,1511","5,1607","5,1255","-0,0012"
24/05/2024,"5,1660","5,1446","5,1767","5,1302","0,0042"
27/05/2024,"5,1708","5,1713","5,1852","5,1557","0,0009"
28/05/2024,"5,1611","5,1715","5,1738","5,1349","-0,0019"
29/05/2024,"5,2018","5,1615","5,2141","5,1573","0,0079"
30/05/2024,"5,2034","5,2038","5,2038","5,2036","0,0003"
31/05/2024,"5,2443","5,1997","5,2587","5,1930","0,0079"
03/06/2024,"5,2467","5,2459","5,2677","5,2137","0,0005"
04/06/2024,"5,2861","5,2477","5,2969","5,2452","0,0075"
05/06/2024,"5,2964","5,2868","5,3061","5,2597","0,0019"
06/06/2024,"5,2560","5,2970","5,3092","5,2401","-0,0076"
07/06/2024,"5,3448","5,2559","5,3489","5,2408","0,0169"
10/06/2024,"5,3547","5,3349","5,3894","5,3150","0,0019"
11/06/2024,"5,3662","5,3548","5,3738","5,3351","0,0021"
12/06/2024,"5,4123","5,3681","5,4300","5,3362","0,0086"
13/06/2024,"5,3636","5,4141","5,4164","5,3619","-0,0090"
14/06/2024,"5,3757","5,3640","5,3875","5,3432","0,0023"
17/06/2024,"5,4195","5,3763","5,4314","5,3717","0,0081"
18/06/2024,"5,4359","5,4194","5,4446","5,3924","0,0030"
19/06/2024,"5,4362","5,4361","5,4832","5,4269","0,0001"
20/06/2024,"5,4483","5,4367","5,4697","5,3870","0,0022"
21/06/2024,"5,4302","5,4488","5,4623","5,4228","-0,0033"
24/06/2024,"5,3928","5,4302","5,4374","5,3759","-0,0069"
25/06/2024,"5,4509","5,3940","5,4566","5,3894","0,0108"
26/06/2024,"5,5194","5,4511","5,5270","5,4504","0,0126"
27/06/2024,"5,5019","5,5195","5,5392","5,4830","-0,0032"
28/06/2024,"5,5925","5,5024","5,5995","5,4840","0,0165"
01/07/2024,"5,6603","5,5921","5,6645","5,5664","0,0121"
02/07/2024,"5,6777","5,6613","5,7017","5,6279","0,0031"
03/07/2024,"5,5563","5,6784","5,6800","5,5402","-0,0214"
04/07/2024,"5,4887","5,5575","5,5595","5,4655","-0,0122"
05/07/2024,"5,4592","5,4909","5,5347","5,4560","-0,0054"
08/07/2024,"5,4699","5,4600","5,4952","5,4562","0,0020"
09/07/2024,"5,4222","5,4700","5,4781","5,4102","-0,0087"
10/07/2024,"5,4144","5,4223","5,4268","5,3713","-0,0014"
11/07/2024,"5,4381","5,4148","5,4539","5,3700","0,0044"
12/07/2024,"5,4285","5,4399","5,4661","5,4145","-0,0018"
15/07/2024,"5,4448","5,4292","5,4773","5,4292","0,0030"
16/07/2024,"5,4286","5,4463","5,4632","5,4053","-0,0030"
17/07/2024,"5,4821","5,4286","5,4882","5,4248","0,0099"
18/07/2024,"5,5460","5,4813","5,5901","5,4798","0,0117"
19/07/2024,"5,5952","5,5476","5,6093","5,5210","0,0089"
22/07/2024,"5,5779","5,5916","5,6104","5,5353","-0,0031"
23/07/2024,"5,5846","5,5789","5,6073","5,5582","0,0012"
24/07/2024,"5,6536","5,5870","5,6627","5,5855","0,0124"
25/07/2024,"5,6442","5,6543","5,6901","5,6182","-0,0017"
26/07/2024,"5,6557","5,6448","5,6725","5,6178","0,0020"
29/07/2024,"5,6159","5,6665","5,6693","5,6128","-0,0070"
30/07/2024,"5,6121","5,6165","5,6636","5,6107","-0,0007"
31/07/2024,"5,6500","5,6125","5,6846","5,6080","0,0068"
01/08/2024,"5,7483","5,6511","5,7536","5,6326","0,0174"
02/08/2024,"5,7273","5,7488","5,7944","5,6985","-0,0037"
05/08/2024,"5,7238","5,7310","5,8657","5,7127","-0,0006"
06/08/2024,"5,6623","5,7240","5,7262","5,6309","-0,0107"
07/08/2024,"5,6341","5,6625","5,6631","5,5971","-0,0050"
08/08/2024,"5,5493","5,6351","5,6554","5,5440","-0,0151"
09/08/2024,"5,5064","5,5493","5,5545","5,4912","-0,0077"
12/08/2024,"5,4974","5,5078","5,5236","5,4720","-0,0016"
13/08/2024,"5,4538","5,5003","5,5033","5,4471","-0,0079"
14/08/2024,"5,4730","5,4553","5,4876","5,4286","0,0035"
15/08/2024,"5,4827","5,4744","5,4949","5,4493","0,0018"
16/08/2024,"5,4753","5,4830","5,4878","5,4365","-0,0013"
19/08/2024,"5,4121","5,4721","5,4738","5,3762","-0,0115"
20/08/2024,"5,4780","5,4124","5,4930","5,4052","0,0122"
21/08/2024,"5,4858","5,4774","5,5109","5,4580","0,0014"
22/08/2024,"5,5834","5,4863","5,5964","5,4715","0,0178"
23/08/2024,"5,4863","5,5856","5,6061","5,4738","-0,0174"
26/08/2024,"5,4950","5,4868","5,5139","5,4719","0,0016"
27/08/2024,"5,5082","5,4964","5,5196","5,4756","0,0024"
28/08/2024,"5,5644","5,5106","5,5706","5,5054","0,0102"
29/08/2024,"5,6266","5,5656","5,6631","5,5528","0,0112"
30/08/2024,"5,6103","5,6279","5,6933","5,5742","-0,0029"
02/09/2024,"5,6177","5,6463","5,6605","5,6036","0,0013"
03/09/2024,"5,6454","5,6166","5,6534","5,5757","0,0049"
04/09/2024,"5,6399","5,6459","5,6620","5,6154","-0,0010"
05/09/2024,"5,5741","5,6404","5,6494","5,5694","-0,0117"
06/09/2024,"5,5990","5,5749","5,6022","5,5286","0,0045"
09/09/2024,"5,5842","5,5992","5,6410","5,5747","-0,0026"
10/09/2024,"5,6582","5,5837","5,6723","5,5682","0,0133"
11/09/2024,"5,6618","5,6608","5,6744","5,6062","0,0006"
12/09/2024,"5,6276","5,6633","5,6769","5,6143","-0,0060"
13/09/2024,"5,5640","5,6284","5,6308","5,5437","-0,0113"
16/09/2024,"5,5100","5,5677","5,5818","5,4973","-0,0097"
17/09/2024,"5,4825","5,5108","5,5161","5,4781","-0,0050"
18/09/2024,"5,4612","5,4833","5,4965","5,4093","-0,0039"
19/09/2024,"5,4263","5,4616","5,4665","5,3938","-0,0064"
20/09/2024,"5,5103","5,4265","5,5247","5,4153","0,0155"
23/09/2024,"5,5364","5,5104","5,6005","5,5104","0,0047"
24/09/2024,"5,4547","5,5374","5,5422","5,4460","-0,0148"
25/09/2024,"5,4774","5,4556","5,4974","5,4397","0,0042"
26/09/2024,"5,4375","5,4749","5,4781","5,4045","-0,0073"
27/09/2024,"5,4329","5,4399","5,4583","5,4266","-0,0008"
30/09/2024,"5,4482","5,4347","5,4740","5,4025","0,0028"
01/10/2024,"5,4368","5,4500","5,4788","5,4296","-0,0021"
02/10/2024,"5,4407","5,4377","5,4608","5,4037","0,0007"
03/10/2024,"5,4759","5,4417","5,5116","5,4385","0,0065"
04/10/2024,"5,4555","5,4778","5,5199","5,4513","-0,0037"
07/10/2024,"5,4900","5,4557","5,4927","5,4200","0,0063"
08/10/2024,"5,5349","5,4918","5,5395","5,4897","0,0082"
09/10/2024,"5,5941","5,5350","5,5995","5,5306","0,0107"
10/10/2024,"5,5821","5,5943","5,6050","5,5665","-0,0021"
11/10/2024,"5,6126","5,5831","5,6537","5,5572","0,0055"
14/10/2024,"5,5928","5,6121","5,6522","5,5643","-0,0035"
15/10/2024,"5,6502","5,5952","5,6656","5,5797","0,0103"
16/10/2024,"5,6652","5,6507","5,7007","5,6297","0,0027"
17/10/2024,"5,6546","5,6652","5,6896","5,6519","-0,0019"
18/10/2024,"5,6912","5,6554","5,7031","5,6289","0,0065"
21/10/2024,"5,6939","5,6898","5,7354","5,6867","0,0005"
22/10/2024,"5,6894","5,6943","5,7182","5,6743","-0,0008"
23/10/2024,"5,6884","5,6904","5,7326","5,6848","-0,0002"
24/10/2024,"5,6643","5,6909","5,7205","5,6606","-0,0042"
25/10/2024,"5,7073","5,6662","5,7137","5,6617","0,0076"
28/10/2024,"5,7096","5,7076","5,7206","5,6855","0,0004"
29/10/2024,"5,7604","5,7103","5,7673","5,6974","0,0089"
30/10/2024,"5,7630","5,7610","5,7928","5,7545","0,0005"
31/10/2024,"5,7867","5,7624","5,7949","5,7534","0,0041"
01/11/2024,"5,8681","5,7885","5,8754","5,7620","0,0141"
04/11/2024,"5,7916","5,8681","5,8697","5,7558","-0,0130"
05/11/2024,"5,7508","5,7699","5,8054","5,7393","-0,0070"
06/11/2024,"5,6793","5,7512","5,8625","5,6644","-0,0124"
07/11/2024,"5,6923","5,6774","5,7239","5,6336","0,0023"
08/11/2024,"5,7376","5,6926","5,7910","5,6912","0,0080"
11/11/2024,"5,7559","5,7756","5,8167","5,7505","0,0032"
12/11/2024,"5,7490","5,7546","5,7990","5,7463","-0,0012"
13/11/2024,"5,8061","5,7482","5,8183","5,7218","0,0099"
14/11/2024,"5,7890","5,8032","5,8296","5,7602","-0,0029"
15/11/2024,"5,7947","5,7956","5,7964","5,7950","0,0010"
18/11/2024,"5,7473","5,7951","5,8003","5,7351","-0,0082"
19/11/2024,"5,7694","5,7469","5,7978","5,7450","0,0038"
20/11/2024,"5,7725","5,7731","5,7759","5,7727","0,0005"
21/11/2024,"5,8144","5,7759","5,8337","5,7755","0,0073"
22/11/2024,"5,8010","5,8142","5,8326","5,7879","-0,0023"
25/11/2024,"5,7983","5,7867","5,8212","5,7755","-0,0005"
26/11/2024,"5,8095","5,8113","5,8335","5,7804","0,0019"
27/11/2024,"5,9377","5,8122","5,9401","5,8033","0,0221"
28/11/2024,"6,0142","5,9710","6,0230","5,9458","0,0129"
29/11/2024,"5,9730","6,0037","6,1159","5,9557","-0,0069"
02/12/2024,"6,0580","6,0002","6,0914","6,0002","0,0142"
03/12/2024,"6,0440","6,0584","6,0957","6,0285","-0,0023"
04/12/2024,"6,0409","6,0413","6,0738","6,0198","-0,0005"
05/12/2024,"6,0113","6,0381","6,0384","5,9598","-0,0049"
06/12/2024,"6,0894","6,0116","6,0952","5,9836","0,0130"
09/12/2024,"6,0788","6,0897","6,0904","6,0369","-0,0017"
10/12/2024,"6,0450","6,0793","6,0835","6,0170","-0,0056"
11/12/2024,"5,9543","6,0456","6,0733","5,9405","-0,0150"
12/12/2024,"5,9915","5,9549","6,0494","5,8664","0,0062"
13/12/2024,"6,0419","5,9976","6,0778","5,9740","0,0084"
16/12/2024,"6,1479","6,0464","6,1500","6,0246","0,0175"
17/12/2024,"6,1048","6,1463","6,2097","6,0580","-0,0070"
18/12/2024,"6,2896","6,0981","6,3144","6,0937","0,0303"
19/12/2024,"6,1525","6,2446","6,3007","6,1051","-0,0218"
20/12/2024,"6,0853","6,1443","6,1493","6,0435","-0,0109"
23/12/2024,"6,1939","6,0799","6,2020","6,0799","0,0178"
24/12/2024,"6,1906","6,1919","6,1937","6,1913","-0,0005"
25/12/2024,"6,1906","6,1906","6,1906","6,1906","0,0000"
26/12/2024,"6,1828","6,1602","6,1982","6,1462","-0,0013"
27/12/2024,"6,1964","6,1834","6,2159","6,1693","0,0022"
30/12/2024,"6,1778","6,2030","6,2428","6,1518","-0,0030"
31/12/2024,"6,1778","6,1778","6,1778","6,1778","0,0000"
01/01/2025,"6,1840","6,1847","6,1847","6,1847","0,0010"
02/01/2025,"6,1519","6,1847","6,2284","6,1446","-0,0052"
03/01/2025,"6,1798","6,1522","6,2011","6,1357","0,0045"
06/01/2025,"6,1152","6,1817","6,1820","6,0920","-0,0105"
07/01/2025,"6,1010","6,1156","6,1189","6,0535","-0,0023"
08/01/2025,"6,1055","6,1014","6,1565","6,1014","0,0007"
09/01/2025,"6,0364","6,1058","6,1223","6,0320","-0,0113"
10/01/2025,"6,1053","6,0365","6,1235","6,0299","0,0114"
13/01/2025,"6,0944","6,1099","6,1358","6,0748","-0,0018"
14/01/2025,"6,0559","6,0979","6,0979","6,0406","-0,0063"
15/01/2025,"6,0098","6,0560","6,0701","6,0043","-0,0076"
16/01/2025,"6,0499","6,0104","6,0708","5,9935","0,0067"
17/01/2025,"6,0704","6,0551","6,0905","6,0266","0,0034"
20/01/2025,"6,0315","6,0692","6,0863","6,0268","-0,0064"
21/01/2025,"6,0220","6,0319","6,0680","6,0168","-0,0016"
22/01/2025,"5,9415","6,0222","6,0274","5,9155","-0,0134"
23/01/2025,"5,9243","5,9423","5,9706","5,8733","-0,0029"
24/01/2025,"5,9109","5,9247","5,9250","5,8674","-0,0023"
27/01/2025,"5,8926","5,9447","5,9560","5,8926","-0,0031"
28/01/2025,"5,8571","5,8953","5,9205","5,8557","-0,0060"
29/01/2025,"5,8563","5,8634","5,8892","5,8420","-0,0001"
30/01/2025,"5,8740","5,8706","5,9332","5,8473","0,0030"
31/01/2025,"5,8410","5,8735","5,8735","5,8106","-0,0056"
03/02/2025,"5,8066","5,8404","5,9052","5,7951","-0,0059"
04/02/2025,"5,7540","5,8008","5,8271","5,7528","-0,0091"
05/02/2025,"5,7973","5,7586","5,8179","5,7491","0,0075"
06/02/2025,"5,7617","5,8044","5,8246","5,7485","-0,0061"
07/02/2025,"5,8058","5,7622","5,8131","5,7349","0,0077"
10/02/2025,"5,7874","5,8095","5,8243","5,7638","-0,0032"
11/02/2025,"5,7635","5,7877","5,8078","5,7571","-0,0041"
12/02/2025,"5,7649","5,7653","5,7878","5,7429","0,0002"
13/02/2025,"5,7669","5,7643","5,7997","5,7548","0,0003"
14/02/2025,"5,7042","5,7673","5,7707","5,6928","-0,0109"
17/02/2025,"5,7130","5,7033","5,7237","5,6950","0,0015"
18/02/2025,"5,6892","5,7103","5,7253","5,6752","-0,0042"
19/02/2025,"5,7214","5,6930","5,7329","5,6825","0,0057"
20/02/2025,"5,7029","5,7218","5,7218","5,6861","-0,0032"
21/02/2025,"5,7320","5,7027","5,7368","5,6936","0,0051"
24/02/2025,"5,7785","5,7302","5,7825","5,7068","0,0081"
25/02/2025,"5,7396","5,7707","5,8137","5,7387","-0,0067"
26/02/2025,"5,8035","5,7420","5,8188","5,7333","0,0111"
27/02/2025,"5,8401","5,8170","5,8413","5,7957","0,0063"
28/02/2025,"5,8852","5,8351","5,9184","5,8227","0,0077"